time_s,position_m,C_H2,C_CH4,q_H2,q_CH4,u
0.0,0.011183759559438938,0.07294094377465998,0.12203572277076732,3.7323459280672184e-05,0.0014772319352171488,0.0
0.0,0.022367519118877875,0.07294094377470177,0.122035722770725,3.732345928069635e-05,0.0014772319352167461,0.0
0.0,0.03355127867831681,0.0729409437747436,0.12203572277068267,3.732345928072052e-05,0.0014772319352163437,0.0
0.0,0.04473503823775575,0.0729409437747854,0.12203572277064036,3.732345928074469e-05,0.0014772319352159412,0.0
0.0,0.055918797797194685,0.07294094377482721,0.12203572277059803,3.7323459280768854e-05,0.0014772319352155388,0.0
0.0,0.06710255735663362,0.07294094377486901,0.1220357227705557,3.732345928079301e-05,0.001477231935215136,0.0
0.0,0.07828631691607256,0.07294094377491081,0.12203572277051339,3.7323459280817176e-05,0.0014772319352147336,0.0
0.0,0.0894700764755115,0.07294094377495264,0.12203572277047109,3.732345928084135e-05,0.0014772319352143312,0.0
0.0,0.10065383603495043,0.07294094377499444,0.12203572277042878,3.732345928086551e-05,0.0014772319352139287,0.0
0.0,0.11183759559438937,0.07294094377503624,0.12203572277038645,3.732345928088968e-05,0.0014772319352135263,0.0
0.0,0.12302135515382831,0.07294094377507804,0.12203572277034413,3.732345928091384e-05,0.0014772319352131236,0.0
0.0,0.13420511471326724,0.07294094377511988,0.12203572277030181,3.732345928093802e-05,0.0014772319352127211,0.0
0.0,0.1453888742727062,0.07294094377516172,0.12203572277025948,3.732345928096221e-05,0.0014772319352123185,0.0
0.0,0.15657263383214512,0.07294094377520353,0.12203572277021717,3.7323459280986365e-05,0.0014772319352119158,0.0
0.0,0.16775639339158407,0.07294094377524533,0.12203572277017484,3.732345928101053e-05,0.0014772319352115133,0.0
0.0,0.178940152951023,0.07294094377528713,0.12203572277013251,3.7323459281034694e-05,0.0014772319352111107,0.0
0.0,0.19012391251046193,0.07294094377532893,0.1220357227700902,3.732345928105885e-05,0.0014772319352107082,0.0
0.0,0.20130767206990086,0.07294094377537073,0.12203572277004787,3.732345928108302e-05,0.0014772319352103058,0.0
0.0,0.2124914316293398,0.07294094377541256,0.12203572277000554,3.7323459281107186e-05,0.001477231935209903,0.0
0.0,0.22367519118877874,0.07294094377545435,0.12203572276996323,3.732345928113135e-05,0.0014772319352095006,0.0
0.0,0.2348589507482177,0.07294094377549615,0.12203572276992092,3.732345928115551e-05,0.0014772319352090982,0.0
0.0,0.24604271030765662,0.07294094377553795,0.12203572276987862,3.732345928117967e-05,0.0014772319352086957,0.0
0.0,0.2572264698670956,0.07294094377557975,0.12203572276983629,3.7323459281203836e-05,0.0014772319352082933,0.0
0.0,0.2684102294265345,0.07294094377562155,0.12203572276979396,3.7323459281227993e-05,0.0014772319352078906,0.0
0.0,0.27959398898597343,0.07294094377566337,0.12203572276975165,3.7323459281252164e-05,0.0014772319352074881,0.0
0.0,0.2907777485454124,0.07294094377570517,0.12203572276970932,3.732345928127633e-05,0.0014772319352070855,0.0
0.0,0.3019615081048513,0.07294094377574699,0.122035722769667,3.7323459281300506e-05,0.001477231935206683,0.0
0.0,0.31314526766429024,0.07294094377578879,0.12203572276962467,3.732345928132467e-05,0.0014772319352062803,0.0
0.0,0.32432902722372914,0.07294094377583063,0.12203572276958234,3.732345928134884e-05,0.0014772319352058777,0.0
0.0,0.33551278678316815,0.07294094377587244,0.12203572276954001,3.732345928137302e-05,0.0014772319352054752,0.0
0.0,0.34669654634260705,0.07294094377591424,0.1220357227694977,3.732345928139718e-05,0.001477231935205073,0.0
0.0,0.357880305902046,0.07294094377595607,0.12203572276945537,3.7323459281421354e-05,0.0014772319352046703,0.0
0.0,0.36906406546148496,0.07294094377599789,0.12203572276941305,3.7323459281445525e-05,0.0014772319352042676,0.0
0.0,0.38024782502092386,0.0729409437760397,0.12203572276937073,3.7323459281469696e-05,0.0014772319352038652,0.0
0.0,0.3914315845803628,0.0729409437760815,0.12203572276932842,3.7323459281493853e-05,0.0014772319352034625,0.0
0.0,0.4026153441398017,0.07294094377612331,0.12203572276928609,3.7323459281518024e-05,0.00147723193520306,0.0
0.0,0.4137991036992407,0.07294094377616511,0.12203572276924378,3.732345928154218e-05,0.0014772319352026574,0.0
0.0,0.4249828632586796,0.07294094377620691,0.12203572276920145,3.7323459281566346e-05,0.001477231935202255,0.0
0.0,0.4361666228181186,0.07294094377624874,0.12203572276915912,3.7323459281590524e-05,0.0014772319352018524,0.0
0.0,0.4473503823775575,0.07294094377629053,0.1220357227691168,3.732345928161469e-05,0.0014772319352014498,0.0
0.0,0.45853414193699643,0.07294094377633234,0.12203572276907447,3.7323459281638845e-05,0.001477231935201047,0.0
0.0,0.4697179014964354,0.07294094377637415,0.12203572276903214,3.7323459281663016e-05,0.0014772319352006444,0.0
0.0,0.4809016610558743,0.07294094377641595,0.12203572276898983,3.732345928168718e-05,0.001477231935200242,0.0
0.0,0.49208542061531324,0.0729409437764578,0.1220357227689475,3.732345928171136e-05,0.0014772319351998397,0.0
0.0,0.5032691801747522,0.07294094377649961,0.12203572276890517,3.732345928173553e-05,0.001477231935199437,0.0
0.0,0.5144529397341912,0.07294094377654142,0.12203572276886286,3.73234592817597e-05,0.0014772319351990346,0.0
0.0,0.52563669929363,0.07294094377658321,0.12203572276882053,3.732345928178386e-05,0.001477231935198632,0.0
0.0,0.536820458853069,0.07294094377662501,0.12203572276877822,3.732345928180802e-05,0.0014772319351982293,0.0
0.0,0.548004218412508,0.07294094377666682,0.12203572276873591,3.732345928183218e-05,0.0014772319351978268,0.0
0.0,0.5591879779719469,0.07294094377670862,0.12203572276869358,3.732345928185634e-05,0.0014772319351974241,0.0
0.0,0.5703717375313858,0.07294094377675042,0.12203572276865125,3.73234592818805e-05,0.0014772319351970217,0.0
0.0,0.5815554970908248,0.07294094377679222,0.12203572276860894,3.732345928190467e-05,0.0014772319351966192,0.0
0.0,0.5927392566502637,0.07294094377683402,0.12203572276856661,3.7323459281928835e-05,0.0014772319351962168,0.0
0.0,0.6039230162097026,0.07294094377687582,0.12203572276852429,3.7323459281953006e-05,0.001477231935195814,0.0
0.0,0.6151067757691415,0.07294094377691764,0.12203572276848196,3.732345928197716e-05,0.0014772319351954112,0.0
0.0,0.6262905353285805,0.07294094377695944,0.12203572276843963,3.732345928200133e-05,0.0014772319351950087,0.0
0.0,0.6374742948880194,0.07294094377700124,0.1220357227683973,3.732345928202549e-05,0.0014772319351946065,0.0
0.0,0.6486580544474583,0.07294094377704305,0.12203572276835499,3.7323459282049656e-05,0.0014772319351942036,0.0
0.0,0.6598418140068973,0.07294094377708488,0.12203572276831266,3.732345928207383e-05,0.0014772319351938014,0.0
0.0,0.6710255735663363,0.07294094377712668,0.12203572276827034,3.732345928209799e-05,0.0014772319351933987,0.0
0.0,0.6822093331257751,0.07294094377716848,0.12203572276822804,3.7323459282122155e-05,0.001477231935192996,0.0
0.0,0.6933930926852141,0.07294094377721028,0.12203572276818571,3.732345928214632e-05,0.0014772319351925936,0.0
0.0,0.704576852244653,0.07294094377725208,0.12203572276814338,3.732345928217048e-05,0.001477231935192191,0.0
0.0,0.715760611804092,0.07294094377729389,0.12203572276810107,3.732345928219465e-05,0.0014772319351917884,0.0
0.0,0.7269443713635309,0.0729409437773357,0.12203572276805874,3.732345928221881e-05,0.001477231935191386,0.0
0.0,0.7381281309229699,0.07294094377737752,0.12203572276801641,3.732345928224299e-05,0.0014772319351909835,0.0
0.0,0.7493118904824089,0.07294094377741932,0.12203572276797409,3.7323459282267154e-05,0.0014772319351905809,0.0
0.0,0.7604956500418477,0.07294094377746113,0.12203572276793176,3.732345928229132e-05,0.0014772319351901782,0.0
0.0,0.7716794096012867,0.07294094377750296,0.12203572276788943,3.732345928231549e-05,0.0014772319351897755,0.0
0.0,0.7828631691607256,0.07294094377754476,0.12203572276784712,3.732345928233966e-05,0.001477231935189373,0.0
0.0,0.7940469287201646,0.07294094377758656,0.12203572276780479,3.732345928236382e-05,0.0014772319351889704,0.0
0.0,0.8052306882796034,0.07294094377762837,0.12203572276776246,3.732345928238798e-05,0.0014772319351885682,0.0
0.0,0.8164144478390425,0.07294094377767017,0.12203572276772015,3.732345928241214e-05,0.0014772319351881655,0.0
0.0,0.8275982073984814,0.07294094377771197,0.12203572276767784,3.732345928243631e-05,0.001477231935187763,0.0
0.0,0.8387819669579203,0.07294094377775377,0.12203572276763551,3.7323459282460474e-05,0.0014772319351873604,0.0
0.0,0.8499657265173592,0.07294094377779559,0.1220357227675932,3.7323459282484645e-05,0.0014772319351869577,0.0
0.0,0.8611494860767982,0.0729409437778374,0.12203572276755087,3.73234592825088e-05,0.0014772319351865552,0.0
0.0,0.8723332456362372,0.0729409437778792,0.12203572276750854,3.7323459282532966e-05,0.0014772319351861528,0.0
0.0,0.883517005195676,0.07294094377792103,0.12203572276746623,3.732345928255715e-05,0.0014772319351857503,0.0
0.0,0.894700764755115,0.07294094377796285,0.1220357227674239,3.732345928258132e-05,0.0014772319351853479,0.0
0.0,0.9058845243145539,0.0729409437780047,0.12203572276738157,3.732345928260551e-05,0.0014772319351849452,0.0
0.0,0.9170682838739929,0.0729409437780465,0.12203572276733925,3.732345928262967e-05,0.0014772319351845425,0.0
0.0,0.9282520434334317,0.07294094377808831,0.12203572276729692,3.7323459282653835e-05,0.0014772319351841398,0.0
0.0,0.9394358029928708,0.07294094377813011,0.12203572276725459,3.7323459282678e-05,0.0014772319351837372,0.0
0.0,0.9506195625523097,0.07294094377817192,0.12203572276721228,3.732345928270217e-05,0.001477231935183335,0.0
0.0,0.9618033221117486,0.07294094377871504,0.12203572276664386,3.73234592830282e-05,0.0014772319351769795,0.0
0.0,0.9729870816711875,0.07294094378514171,0.12203572275995489,3.732345928688051e-05,0.0014772319351023526,0.0
0.0,0.9841708412306265,0.07294094385994883,0.12203572268211532,3.732345933171876e-05,0.001477231934233988,0.0
0.0,0.9953546007900654,0.07294094472870805,0.12203572177815332,3.732345985243566e-05,0.0014772319241498288,0.0
0.0,1.0065383603495044,0.07294095481570945,0.122035711282426,3.732346589837789e-05,0.0014772318070649427,0.0
0.0,1.0177221199089435,0.07294107193227438,0.12203558942028765,3.732353609566074e-05,0.0014772304476346077,0.0
0.0,1.0289058794683823,0.07294243169944692,0.1220341745552875,3.732435111419273e-05,0.0014772146641672036,0.0
0.0,1.0400896390278211,0.07295821413752614,0.12201775262081542,3.73338110469811e-05,0.0014770314737464114,0.0
0.0,1.05127339858726,0.07314072112598777,0.12182785170050706,3.744323717682256e-05,0.0014749135882087846,0.0
0.0,1.062457158146699,0.07516576319339603,0.11972090100554679,3.8661414220312254e-05,0.0014514710546350098,0.0
0.0,1.073640917706138,0.09108936171415853,0.10315823988615909,4.8517573614454306e-05,0.0012683096697716013,0.0
0.0,1.084824677265577,0.13318986027105656,0.05938169886419834,7.732545693495362e-05,0.0007649951262865367,0.0
0.0,1.096008436825016,0.1677693660274505,0.023430431371902514,0.0001044281329582676,0.00031456477047568784,0.0
0.0,1.1071921963844549,0.1828148188660051,0.007788864870143179,0.00011730015639422658,0.00010647828030880765,0.0
0.0,1.1183759559438937,0.18795918882229495,0.0024407491296850638,0.00012186034677286539,3.357388729423026e-05,0.0
2.236751911887787,0.011183759559438938,0.07294094378513029,0.12203572277088788,3.7323459285971886e-05,0.0014772319352171512,0.15
2.236751911887787,0.022367519118877875,0.07294094379379787,0.12203572277095161,3.732345929035823e-05,0.0014772319352167487,0.15
2.236751911887787,0.03355127867831681,0.07294094381153488,0.12203572277112831,3.732345929933197e-05,0.0014772319352163463,0.15
2.236751911887787,0.04473503823775575,0.07294094384748252,0.12203572277153094,3.732345931751764e-05,0.0014772319352159438,0.15
2.236751911887787,0.055918797797194685,0.07294094391957982,0.12203572277243324,3.732345935398773e-05,0.0014772319352160618,0.15
2.236751911887787,0.06710255735663362,0.07294094406261721,0.12203572277424998,3.732345942634732e-05,0.0014772319352165228,0.15
2.236751911887787,0.07828631691607256,0.07294094434329865,0.12203572277787902,3.732345956834651e-05,0.0014772319352180335,0.15
2.236751911887787,0.0894700764755115,0.07294094488796919,0.12203572278494614,3.732345984392317e-05,0.0014772319352212068,0.15
2.236751911887787,0.10065383603495043,0.07294094593304486,0.12203572279855061,3.732346037272512e-05,0.0014772319352277109,0.15
2.236751911887787,0.11183759559438937,0.07294094791543593,0.1220357228243934,3.732346137589121e-05,0.001477231935240396,0.15
2.236751911887787,0.12302135515382831,0.07294095163243573,0.12203572287288535,3.73234632570039e-05,0.001477231935264552,0.15
2.236751911887787,0.13420511471326724,0.07294095852036071,0.12203572296277872,3.7323466743184244e-05,0.0014772319353096488,0.15
2.236751911887787,0.1453888742727062,0.07294097113299988,0.12203572312741622,3.732347312738861e-05,0.0014772319353925788,0.15
2.236751911887787,0.15657263383214512,0.07294099395068984,0.12203572342529168,3.732348467818756e-05,0.0014772319355429578,0.15
2.236751911887787,0.16775639339158407,0.07294103472710578,0.12203572395763117,3.732350532196073e-05,0.00147723193581205,0.15
2.236751911887787,0.178940152951023,0.07294110669494507,0.12203572489718482,3.7323541760276826e-05,0.0014772319362873448,0.15
2.236751911887787,0.19012391251046193,0.07294123211782999,0.12203572653458927,3.732360526946429e-05,0.0014772319371160452,0.15
2.236751911887787,0.20130767206990086,0.07294144791067803,0.1220357293517291,3.732371454850771e-05,0.0014772319385422475,0.15
2.236751911887787,0.2124914316293398,0.07294181437191515,0.1220357341357093,3.7323900144283474e-05,0.001477231940964702,0.15
2.236751911887787,0.22367519118877874,0.07294242849281214,0.1220357421525586,3.73242111971959e-05,0.0014772319450248254,0.15
2.236751911887787,0.2348589507482177,0.07294344383729674,0.12203575540668452,3.732472551826559e-05,0.0014772319517382638,0.15
2.236751911887787,0.24604271030765662,0.07294509960599381,0.12203577702016415,3.732556432369318e-05,0.0014772319626871414,0.15
2.236751911887787,0.2572264698670956,0.07294776216376027,0.12203581177466907,3.732691329098652e-05,0.001477231980294864,0.15
2.236751911887787,0.2684102294265345,0.07295198292153621,0.12203586686676934,3.732905191170948e-05,0.001477232008209152,0.15
2.236751911887787,0.27959398898597343,0.07295857684898892,0.12203595293238709,3.733239331260247e-05,0.001477232051821563,0.15
2.236751911887787,0.2907777485454124,0.07296872578901557,0.12203608539480815,3.7337536664683035e-05,0.0014772321189513993,0.15
2.236751911887787,0.3019615081048513,0.07298410977740175,0.12203628617796558,3.734533381044127e-05,0.0014772322207149704,0.15
2.236751911887787,0.31314526766429024,0.07300706726737233,0.12203658579665766,3.7356970571803645e-05,0.0014772323725862004,0.15
2.236751911887787,0.32432902722372914,0.07304078097802208,0.12203702578082327,3.737406108078829e-05,0.0014772325956272348,0.15
2.236751911887787,0.33551278678316815,0.07308947949663407,0.12203766130493084,3.739875013027375e-05,0.0014772329178232451,0.15
2.236751911887787,0.34669654634260705,0.07315863538255545,0.12203856377120612,3.743381377742163e-05,0.0014772333753943442,0.15
2.236751911887787,0.357880305902046,0.07325512830337262,0.12203982293596746,3.7482742225190744e-05,0.0014772340138758657,0.15
2.236751911887787,0.36906406546148496,0.07338732723656824,0.12204154797926761,3.754978163929152e-05,0.001477234888662434,0.15
2.236751911887787,0.38024782502092386,0.07356503041413844,0.1220438667178065,3.7639903753312065e-05,0.0014772360646096903,0.15
2.236751911887787,0.3914315845803628,0.07379918799860946,0.12204692198258152,3.775866516141384e-05,0.0014772376141963877,0.15
2.236751911887787,0.4026153441398017,0.07410132418682847,0.12205086407479845,3.791191400037146e-05,0.001477239613695219,0.15
2.236751911887787,0.4137991036992407,0.07448257733411223,0.12205583823860243,3.810530272723974e-05,0.0014772421368142667,0.15
2.236751911887787,0.4249828632586796,0.07495229411665759,0.12206196631672647,3.834357462886462e-05,0.0014772452453867089,0.15
2.236751911887787,0.4361666228181186,0.07551615162782074,0.1220693222497332,3.862961105272982e-05,0.0014772489769403336,0.15
2.236751911887787,0.4473503823775575,0.07617384271017638,0.12207790188070206,3.896325765598343e-05,0.0014772533293856518,0.15
2.236751911887787,0.45853414193699643,0.07691644423034451,0.1220875886284932,3.933999088590374e-05,0.0014772582436222944,0.15
2.236751911887787,0.4697179014964354,0.07772368950147489,0.12209811791654561,3.9749537308703025e-05,0.0014772635855332564,0.15
2.236751911887787,0.4809016610558743,0.07856147210458057,0.1221090446270704,4.017461178173713e-05,0.0014772691295328664,0.15
2.236751911887787,0.49208542061531324,0.07937999967885548,0.12211971904086265,4.058998593565543e-05,0.0014772745464270904,0.15
2.236751911887787,0.5032691801747522,0.08011306856641712,0.12212927740415085,4.096212373379692e-05,0.0014772793986740278,0.15
2.236751911887787,0.5144529397341912,0.08067891817955695,0.12213665310570677,4.124961347114359e-05,0.0014772831460353238,0.15
2.236751911887787,0.52563669929363,0.08098302721975896,0.12214061318408566,4.140457573644529e-05,0.0014772851639582982,0.15
2.236751911887787,0.536820458853069,0.08092302402131464,0.12213982240719756,4.137513112831799e-05,0.001477284775779392,0.15
2.236751911887787,0.548004218412508,0.08039561020617203,0.12213293360373788,4.110887557250627e-05,0.0014772812980659049,0.15
2.236751911887787,0.5591879779719469,0.0793050719124295,0.12211869868809001,4.055715094127699e-05,0.0014772740963242966,0.15
2.236751911887787,0.5703717375313858,0.07757262707989313,0.12209609057233943,3.967973929485379e-05,0.0014772626462252133,0.15
2.236751911887787,0.5815554970908248,0.07514559329699066,0.12206442271807283,3.8449480293479525e-05,0.0014772465938166811,0.15
2.236751911887787,0.5927392566502637,0.07200521996622523,0.1220234512477414,3.68562418219895e-05,0.0014772258072917295,0.15
2.236751911887787,0.6039230162097026,0.06817205638173267,0.1219734449015243,3.490968454160961e-05,0.0014772004130173084,0.15
2.236751911887787,0.6151067757691415,0.06370794035543857,0.12191521090713647,3.2640359847031587e-05,0.0014771708098211057,0.15
2.236751911887787,0.6262905353285805,0.05871407160979647,0.12185006978278509,3.0098859886207755e-05,0.0014771376578706504,0.15
2.236751911887787,0.6374742948880194,0.05332512794266896,0.12177977853462126,2.7352975289941687e-05,0.0014771018415708217,0.15
2.236751911887787,0.6486580544474583,0.04769991355236829,0.12170640864005759,2.4483077051389153e-05,0.0014770644093069333,0.15
2.236751911887787,0.6598418140068973,0.04200951151269131,0.12163219150079063,2.157618365049957e-05,0.0014770264960508844,0.15
2.236751911887787,0.6710255735663363,0.036424266067361655,0.12155934865920397,1.871936351957317e-05,0.001476989237311293,0.15
2.236751911887787,0.6822093331257751,0.031101085446122865,0.12148992622062983,1.5993223632845428e-05,0.001476953684220313,0.15
2.236751911887787,0.6933930926852141,0.026172503202776306,0.12142565223276001,1.3466227429600717e-05,0.0014769207294484856,0.15
2.236751911887787,0.704576852244653,0.021738672418616715,0.12136783233157662,1.1190466779685264e-05,0.0014768910520919008,0.15
2.236751911887787,0.715760611804092,0.017863034933701352,0.12131729332444105,9.199300112245996e-06,0.0014768650869022976,0.15
2.236751911887787,0.7269443713635309,0.014571879136255635,0.12127437748576265,7.506997187008788e-06,0.0014768430196868587,0.15
2.236751911887787,0.7381281309229699,0.011857464628762488,0.12123898336142139,6.110247892423451e-06,0.0014768248070131398,0.15
2.236751911887787,0.7493118904824089,0.00968394131427401,0.12121064300131962,4.991148550228742e-06,0.0014768102151729793,0.15
2.236751911887787,0.7604956500418477,0.007994997645105032,0.12118862172355616,4.121116788798597e-06,0.0014767988712383875,0.15
2.236751911887787,0.7716794096012867,0.006722077960606734,0.12117202527836037,3.4651290600167815e-06,0.0014767903182805254,0.15
2.236751911887787,0.7828631691607256,0.005792109963466222,0.12115990059306718,2.985723565392876e-06,0.001476784067381023,0.15
2.236751911887787,0.7940469287201646,0.005133938522019852,0.12115131957657173,2.6463435065205268e-06,0.0014767796404954424,0.15
2.236751911887787,0.8052306882796034,0.004683001996637796,0.12114543978148906,2.4137738442625638e-06,0.0014767765994986362,0.15
2.236751911887787,0.8164144478390425,0.004384134950366349,0.12114153986239698,2.2596075370305568e-06,0.001476774555510159,0.15
2.236751911887787,0.8275982073984814,0.004192670526272311,0.12113903026209605,2.160829338672724e-06,0.001476773142793194,0.15
2.236751911887787,0.8387819669579203,0.004074206149980076,0.12113743809543649,2.099705167472212e-06,0.0014767719064089832,0.15
2.236751911887787,0.8499657265173592,0.0040034765813053985,0.12113635479715203,2.0632072721456203e-06,0.0014767699473734546,0.15
2.236751911887787,0.8611494860767982,0.003962763489845073,0.12113530380513128,2.0421979457439285e-06,0.0014767648803285277,0.15
2.236751911887787,0.8723332456362372,0.003940191325369352,0.12113340622899667,2.0305536406877934e-06,0.0014767499295781426,0.15
2.236751911887787,0.883517005195676,0.003928150331168246,0.12112854086956684,2.0243555261087208e-06,0.0014767063062724223,0.15
2.236751911887787,0.894700764755115,0.003921979125683717,0.12111532241051423,2.021217727371811e-06,0.0014765845288118758,0.15
2.236751911887787,0.9058845243145539,0.003918951077723662,0.12108056155197179,2.0197812675452525e-06,0.0014762621294133781,0.15
2.236751911887787,0.9170682838739929,0.003917549145275876,0.12099394384775324,2.0193743929069063e-06,0.001475456319368303,0.15
2.236751911887787,0.9282520434334317,0.003916982127877316,0.12079090983649464,2.019826579399857e-06,0.0014735624769355096,0.15
2.236751911887787,0.9394358029928708,0.0039168848156237,0.12034543119850362,2.0214162648395536e-06,0.0014693940323119675,0.15
2.236751911887787,0.9506195625523097,0.003917146483347288,0.11943477731257629,2.0249193289950355e-06,0.001460835241664672,0.15
2.236751911887787,0.9618033221117486,0.003917818685977401,0.11770814191237536,2.0316974781491074e-06,0.001444498346022837,0.15
2.236751911887787,0.9729870816711875,0.0039190602962165585,0.11468344181226356,2.043730361061725e-06,0.0014155765446548806,0.15
2.236751911887787,0.9841708412306265,0.003921086631250695,0.10980109162323413,2.063484654009761e-06,0.0013681230246367128,0.15
2.236751911887787,0.9953546007900654,0.003924104727061019,0.10254671506858916,2.09356185285409e-06,0.0012958799728789469,0.15
2.236751911887787,1.0065383603495044,0.003928237741350078,0.09261789372928181,2.1361580552832304e-06,0.0011935685013371923,0.15
2.236751911887787,1.0177221199089435,0.003933457500419096,0.080079838652941,2.192423868181895e-06,0.001058422898823497,0.15
2.236751911887787,1.0289058794683823,0.0039395441117803754,0.06545983083392147,2.2617731626131307e-06,0.0008918497157163952,0.15
2.236751911887787,1.0400896390278211,0.003946079627105568,0.049761459242510866,2.3411307694329546e-06,0.0007012343656355842,0.15
2.236751911887787,1.05127339858726,0.003952478228245783,0.034391762380897015,2.4242488569221527e-06,0.000501583246253393,0.15
2.236751911887787,1.062457158146699,0.0039580715270815005,0.020956229575980635,2.5017800053555265e-06,0.0003153487337672863,0.15
2.236751911887787,1.073640917706138,0.003962285226842528,0.010834430495947955,2.563499920126777e-06,0.00016709089967632435,0.15
2.236751911887787,1.084824677265577,0.0039648922534637095,0.004571944464536186,2.603236523346613e-06,7.163754960646192e-05,0.15
2.236751911887787,1.096008436825016,0.003966157538798969,0.001532489116679293,2.622978877319666e-06,2.4212707180602127e-05,0.15
2.236751911887787,1.1071921963844549,0.0039666333145987045,0.0003895725267163918,2.630485437182337e-06,6.180328031023396e-06,0.15
2.236751911887787,1.1183759559438937,0.003966770981244181,5.886241928399089e-05,2.6326684059032512e-06,9.362853931142e-07,0.15
4.473503823775574,0.011183759559438938,0.07361333465224595,0.12204447379830116,3.766718826268595e-05,0.0014772364088467464,0.15
4.473503823775574,0.022367519118877875,0.07253557233388876,0.12203041213973971,3.712039007946954e-05,0.0014772292747171774,0.15
4.473503823775574,0.03355127867831681,0.07119522335828195,0.1220129253694894,3.6440095746291026e-05,0.0014772203992963553,0.15
4.473503823775574,0.04473503823775575,0.06957868087060723,0.12199183612704483,3.561926676730709e-05,0.0014772096908384005,0.15
4.473503823775574,0.055918797797194685,0.0676787413881951,0.1219670505853691,3.4654086060136e-05,0.0014771970996217147,0.15
4.473503823775574,0.06710255735663362,0.06549548288707197,0.12193856989862102,3.354440842535109e-05,0.0014771826238218525,0.15
4.473503823775574,0.07828631691607256,0.06303685245081068,0.12190649786078779,3.22940674619021e-05,0.001477166313511693,0.15
4.473503823775574,0.0894700764755115,0.0603189072136402,0.12187104404163547,3.09110101998693e-05,0.0014771482724140052,0.15
4.473503823775574,0.10065383603495043,0.05736567278862402,0.1218325219333792,2.940724053882237e-05,0.0014771286571603453,0.15
4.473503823775574,0.11183759559438937,0.05420860766546796,0.12179134195829716,2.7798564359422453e-05,0.0014771076739632128,0.15
4.473503823775574,0.12302135515382831,0.05088568824838843,0.1217479995290852,2.6104142032644024e-05,0.0014770855727763872,0.15
4.473503823775574,0.13420511471326724,0.047440155136172626,0.12170305869194602,2.4345866987719015e-05,0.0014770626391872274,0.15
4.473503823775574,0.1453888742727062,0.04391898478405639,0.12165713218928668,2.254760099309184e-05,0.001477039184440634,0.15
4.473503823775574,0.15657263383214512,0.04037116989328763,0.1216108590293665,2.073430688874596e-05,0.0014770155341264797,0.15
4.473503823775574,0.16775639339158407,0.03684590518042883,0.1215648808236143,1.893112685240323e-05,0.0014769920161574774,0.15
4.473503823775574,0.178940152951023,0.03339078150758142,0.1215198182347814,1.7162458256659683e-05,0.0014769689487165326,0.15
4.473503823775574,0.19012391251046193,0.03005009020063786,0.1214762488639137,1.5451079405073308e-05,0.0014769466288555163,0.15
4.473503823775574,0.20130767206990086,0.026863330845227656,0.12143468779265464,1.3817373843867043e-05,0.0014769253223805413,0.15
4.473503823775574,0.2124914316293398,0.023864000628615854,0.12139557179875851,1.2278694770499341e-05,0.0014769052555651473,0.15
4.473503823775574,0.22367519118877874,0.021078722641124644,0.12135924799319267,1.0848900853811752e-05,0.0014768866090993094,0.15
4.473503823775574,0.2348589507482177,0.018526746173792907,0.12132596730930308,9.538082379012419e-06,0.0014768695145211382,0.15
4.473503823775574,0.24604271030765662,0.016219825986931023,0.12129588293451993,8.352483089729163e-06,0.0014768540532007544,0.15
4.473503823775574,0.2572264698670956,0.014162461964680725,0.12126905344181599,7.29460959721637e-06,0.0014768402577703317,0.15
4.473503823775574,0.2684102294265345,0.012352457646881887,0.12124545007916526,6.363507944805431e-06,0.0014768281157336524,0.15
4.473503823775574,0.27959398898597343,0.010781737704140168,0.12122496743508575,5.5551769072002225e-06,0.001476817574858513,0.15
4.473503823775574,0.2907777485454124,0.00943735188722985,0.12120743653494731,4.863080672371715e-06,0.0014768085498646588,0.15
4.473503823775574,0.3019615081048513,0.008302587106641111,0.12119263934620575,4.2787201577251826e-06,0.00147680092987559,0.15
4.473503823775574,0.31314526766429024,0.007358110148229235,0.12118032368198096,3.792222418439235e-06,0.0014767945861058863,0.15
4.473503823775574,0.32432902722372914,0.006583070481404504,0.12117021758306408,3.3929110943728118e-06,0.001476789379300512,0.15
4.473503823775574,0.33551278678316815,0.005956104454354743,0.12116204241296355,3.0698269658530085e-06,0.0014767851665231071,0.15
4.473503823775574,0.34669654634260705,0.005456197276081399,0.1211555240975894,2.812175577098723e-06,0.0014767818069926187,0.15
4.473503823775574,0.357880305902046,0.005063375756057891,0.12115040215736286,2.609687571200499e-06,0.0014767791667815349,0.15
4.473503823775574,0.36906406546148496,0.004759221061359137,0.12114643639189603,2.4528859272615597e-06,0.0014767771222997522,0.15
4.473503823775574,0.38024782502092386,0.004527205270059586,0.12114341126675773,2.3332619069793825e-06,0.0014767755625879715,0.15
4.473503823775574,0.3914315845803628,0.004352867167173878,0.12114113820391881,2.243367633988217e-06,0.0014767743905239074,0.15
4.473503823775574,0.4026153441398017,0.004223850942976851,0.12113945608456347,2.176837530798093e-06,0.001476773523100901,0.15
4.473503823775574,0.4137991036992407,0.004129836085746031,0.1211382303332926,2.1283532630170036e-06,0.0014767728909699845,0.15
4.473503823775574,0.4249828632586796,0.004062388091479502,0.12113735097004481,2.093567540052372e-06,0.0014767724374454645,0.15
4.473503823775574,0.4361666228181186,0.004014758217925485,0.12113672999787482,2.0690014005623837e-06,0.0014767721171651312,0.15
4.473503823775574,0.4473503823775575,0.003981657132421956,0.12113629845056871,2.051927859652127e-06,0.0014767718945725488,0.15
4.473503823775574,0.45853414193699643,0.003959022728114387,0.12113600336447576,2.0402524233068335e-06,0.0014767717423587027,0.15
4.473503823775574,0.4697179014964354,0.0039437973361631014,0.12113580487307765,2.0323983608470077e-06,0.0014767716399658533,0.15
4.473503823775574,0.4809016610558743,0.003933724636127483,0.12113567355857574,2.0272020759078947e-06,0.0014767715722230896,0.15
4.473503823775574,0.49208542061531324,0.003927172188358509,0.1211355881377048,2.0238216504989282e-06,0.0014767715281537393,0.15
4.473503823775574,0.5032691801747522,0.003922981933029107,0.12113553351230358,2.0216597849508223e-06,0.0014767714999705233,0.15
4.473503823775574,0.5144529397341912,0.003920348317400143,0.12113549918020194,2.020300968652428e-06,0.001476771482256344,0.15
4.473503823775574,0.52563669929363,0.003918721901118244,0.12113547797834885,2.0194617791300097e-06,0.0014767714713161955,0.15
4.473503823775574,0.536820458853069,0.003917735240986133,0.1211354651164784,2.018952664282121e-06,0.0014767714646789555,0.15
4.473503823775574,0.548004218412508,0.00391714741902139,0.121135457453857,2.0186493354289726e-06,0.0014767714607243413,0.15
4.473503823775574,0.5591879779719469,0.0039168035849308155,0.12113545297180658,2.018471901577338e-06,0.0014767714584108518,0.15
4.473503823775574,0.5703717375313858,0.003916606180803057,0.12113545039854567,2.0183700275862843e-06,0.001476771457082237,0.15
4.473503823775574,0.5815554970908248,0.0039164949708205285,0.12113544894883009,2.018312633080011e-06,0.001476771456333174,0.15
4.473503823775574,0.5927392566502637,0.0039164335119602515,0.12113544814753531,2.0182809132809205e-06,0.0014767714559179215,0.15
4.473503823775574,0.6039230162097026,0.003916400203980649,0.12113544771287217,2.01826372179257e-06,0.0014767714556891583,0.15
4.473503823775574,0.6151067757691415,0.003916382506886042,0.12113544748064353,2.0182545872637037e-06,0.0014767714555557667,0.15
4.473503823775574,0.6262905353285805,0.0039163732915906925,0.12113544735553125,2.0182498305043104e-06,0.0014767714554477975,0.15
4.473503823775574,0.6374742948880194,0.0039163685901587655,0.12113544727823435,2.0182474036573184e-06,0.0014767714552687266,0.15
4.473503823775574,0.6486580544474583,0.003916366240967562,0.12113544719713418,2.01824619112183e-06,0.0014767714547878686,0.15
4.473503823775574,0.6598418140068973,0.003916365091733224,0.1211354470265998,2.0182455983929954e-06,0.0014767714533457635,0.15
4.473503823775574,0.6710255735663363,0.003916364541627819,0.12113544655110497,2.0182453160880064e-06,0.0014767714490194735,0.15
4.473503823775574,0.6822093331257751,0.0039163642844304136,0.12113544517229481,2.018245188294682e-06,0.001476771436310027,0.15
4.473503823775574,0.6933930926852141,0.003916364168015661,0.12113544123348557,2.018245142504922e-06,0.0014767713998972978,0.15
4.473503823775574,0.704576852244653,0.0039163641197709625,0.12113543025723816,2.0182451575461595e-06,0.0014767712982947541,0.15
4.473503823775574,0.715760611804092,0.00391636410912453,0.12113540048790508,2.018245260522358e-06,0.0014767710224460424,0.15
4.473503823775574,0.7269443713635309,0.0039163641320405385,0.12113532199735322,2.0182455586589305e-06,0.0014767702944081674,0.15
4.473503823775574,0.7381281309229699,0.003916364211745397,0.12113512101148025,2.018246333701441e-06,0.0014767684283045902,0.15
4.473503823775574,0.7493118904824089,0.003916364418131409,0.1211346217067205,2.018248265359057e-06,0.0014767637877366804,0.15
4.473503823775574,0.7604956500418477,0.003916364918188036,0.12113341960767679,2.0182529221828447e-06,0.0014767526040907288,0.15
4.473503823775574,0.7716794096012867,0.003916366084620429,0.12113061820104776,2.018263786036212e-06,0.0014767265148927693,0.15
4.473503823775574,0.7828631691607256,0.00391636871275472,0.12112430687428125,2.018288286398864e-06,0.001476667677606651,0.15
4.473503823775574,0.7940469287201646,0.003916374428837492,0.12111057981963046,2.018341629853303e-06,0.0014765395722489238,0.15
4.473503823775574,0.8052306882796034,0.003916386413190523,0.12108179901195662,2.0184535937586975e-06,0.0014762706848434198,0.15
4.473503823775574,0.8164144478390425,0.0039164105961694675,0.1210237217072115,2.0186797921075836e-06,0.0014757274494470946,0.15
4.473503823775574,0.8275982073984814,0.003916457482750723,0.12091111806162229,2.019118939743878e-06,0.0014746727825128072,0.15
4.473503823775574,0.8387819669579203,0.003916544671842212,0.12070171997863136,2.0199368872749757e-06,0.001472708353548019,0.15
4.473503823775574,0.8499657265173592,0.00391669990073232,0.12032890833544542,2.0213961754030615e-06,0.0014692035960776608,0.15
4.473503823775574,0.8611494860767982,0.003916964039566647,0.11969451977386027,2.023886401165003e-06,0.0014632227644409822,0.15
4.473503823775574,0.8723332456362372,0.003917392965794102,0.11866434316711344,2.0279465575312717e-06,0.0014534712652537537,0.15
4.473503823775574,0.883517005195676,0.003918056905107662,0.11706970098226681,2.034267750928472e-06,0.001438289116247772,0.15
4.473503823775574,0.894700764755115,0.003919035987019884,0.11471812290565599,2.0436660576691014e-06,0.001415716129744433,0.15
4.473503823775574,0.9058845243145539,0.003920411670948144,0.11141393900284417,2.05702222333652e-06,0.0013836367426828377,0.15
4.473503823775574,0.9170682838739929,0.003922255168474804,0.10698608921627377,2.0751954219464524e-06,0.00133998716280595,0.15
4.473503823775574,0.9282520434334317,0.003924615315552385,0.101317255451871,2.0989268189049175e-06,0.0012829870148240653,0.15
4.473503823775574,0.9394358029928708,0.003927508697163498,0.0943675842139569,2.1287495527632243e-06,0.0012113555739936017,0.15
4.473503823775574,0.9506195625523097,0.003930913888369455,0.08618852181445492,2.164913702270029e-06,0.0011244920047533506,0.15
4.473503823775574,0.9618033221117486,0.0039347699899661024,0.07692633336062743,2.207322334023756e-06,0.0010226289789776292,0.15
4.473503823775574,0.9729870816711875,0.0039389782119804585,0.0668183000009761,2.2554651436928053e-06,0.0009069920689742244,0.15
4.473503823775574,0.9841708412306265,0.003943404876669903,0.056185505975919856,2.3083359153281227e-06,0.0007799980082235702,0.15
4.473503823775574,0.9953546007900654,0.003947885079734533,0.04542404473487543,2.3643337394897706e-06,0.0006454919719312694,0.15
4.473503823775574,1.0065383603495044,0.003952228125573378,0.03499196464713761,2.421179932187551e-06,0.0005089471671064195,0.15
4.473503823775574,1.0177221199089435,0.00395622821854104,0.025383591142696876,2.4759338858541725e-06,0.0003774268247108265,0.15
4.473503823775574,1.0289058794683823,0.003959685587091482,0.01707878997631509,2.52524382402904e-06,0.00025898198682008754,0.15
4.473503823775574,1.0400896390278211,0.003962441612791557,0.010458589434196228,2.5659585010936575e-06,0.00016118228949161525,0.15
4.473503823775574,1.05127339858726,0.003964422884731257,0.0056993582470439156,2.5960473307388086e-06,8.890578619384792e-05,0.15
4.473503823775574,1.062457158146699,0.003965673666782379,0.002694807745926812,2.6154165186739307e-06,4.2378384759927145e-05,0.15
4.473503823775574,1.073640917706138,0.003966347537471842,0.001076058373823326,2.6259798165189364e-06,1.7003601280383698e-05,0.15
4.473503823775574,1.084824677265577,0.003966648862378931,0.00035221767490752304,2.6307351232397807e-06,5.580437345195506e-06,0.15
4.473503823775574,1.096008436825016,0.003966757744228708,9.065963302341919e-05,2.6324592926776606e-06,1.4386052105996916e-06,0.15
4.473503823775574,1.1071921963844549,0.003966788403783296,1.7007874262765127e-05,2.632945699667095e-06,2.7013654695712963e-07,0.15
4.473503823775574,1.1183759559438937,0.003966794564006084,2.2093273755908902e-06,2.6330435694841454e-06,3.502637428182014e-08,0.15
6.710255735663362,0.011183759559438938,0.003989665886966246,0.12113640294269494,2.056049204328106e-06,0.0014767719483594593,0.15
6.710255735663362,0.022367519118877875,0.0039689485578713385,0.12113613282691808,2.0453654444586132e-06,0.0014767718090624893,0.15
6.710255735663362,0.03355127867831681,0.003953722794782779,0.12113593431302984,2.037513366537581e-06,0.0014767717066864526,0.15
6.710255735663362,0.04473503823775575,0.003942646847847161,0.12113578990599705,2.031801196586756e-06,0.0014767716322113711,0.15
6.710255735663362,0.055918797797194685,0.003934672378652773,0.1211356859367362,2.0276884077774022e-06,0.0014767715785893617,0.15
6.710255735663362,0.06710255735663362,0.003928990348646864,0.12113561185648972,2.0247578367516926e-06,0.0014767715403811985,0.15
6.710255735663362,0.07828631691607256,0.003924984017560581,0.12113555962390568,2.0226914601866726e-06,0.0014767715134403367,0.15
6.710255735663362,0.0894700764755115,0.003922188955074135,0.12113552318360189,2.0212497834122815e-06,0.0014767714946442205,0.15
6.710255735663362,0.10065383603495043,0.003920259670047136,0.1211354980310049,2.020254638314146e-06,0.001476771481669799,0.15
6.710255735663362,0.11183759559438937,0.003918942265132279,0.1211354808558076,2.01957508608883e-06,0.0014767714728099463,0.15
6.710255735663362,0.12302135515382831,0.0039180524147372185,0.1211354692548007,2.019116063525121e-06,0.0014767714668252295,0.15
6.710255735663362,0.13420511471326724,0.0039174579236485995,0.12113546150446351,2.0188093903364415e-06,0.0014767714628267283,0.15
6.710255735663362,0.1453888742727062,0.003917065134843649,0.1211354563837396,2.01860676071125e-06,0.0014767714601846586,0.15
6.710255735663362,0.15657263383214512,0.003916808502153633,0.1211354530380781,2.0184743664501567e-06,0.0014767714584582488,0.15
6.710255735663362,0.16775639339158407,0.003916642712801438,0.12113545087672374,2.0183888347447062e-06,0.0014767714573427628,0.15
6.710255735663362,0.178940152951023,0.003916536825310055,0.12113544949629118,2.0183342050916313e-06,0.0014767714566301371,0.15
6.710255735663362,0.19012391251046193,0.003916469971442633,0.12113544862472282,2.018299712678432e-06,0.0014767714561800343,0.15
6.710255735663362,0.20130767206990086,0.0039164282507388615,0.12113544808080158,2.018278186749215e-06,0.001476771455898974,0.15
6.710255735663362,0.2124914316293398,0.003916402519059569,0.12113544774531876,2.0182649100038047e-06,0.0014767714557254621,0.15
6.710255735663362,0.22367519118877874,0.003916386836280143,0.12113544754083623,2.018256817932046e-06,0.0014767714556195536,0.15
6.710255735663362,0.2348589507482177,0.003916377392148755,0.12113544741768115,2.018251944758444e-06,0.0014767714555556123,0.15
6.710255735663362,0.24604271030765662,0.003916371773533209,0.12113544734439533,2.018249045463968e-06,0.0014767714555174013,0.15
6.710255735663362,0.2572264698670956,0.003916368471606409,0.12113544730130989,2.0182473415660252e-06,0.0014767714554947756,0.15
6.710255735663362,0.2684102294265345,0.003916366555071456,0.12113544727628256,2.018246352543958e-06,0.0014767714554814657,0.15
6.710255735663362,0.27959398898597343,0.003916365456534766,0.12113544726190908,2.018245785630397e-06,0.0014767714554735616,0.15
6.710255735663362,0.2907777485454124,0.00391636483481645,0.12113544725376917,2.0182454647752204e-06,0.0014767714554690394,0.15
6.710255735663362,0.3019615081048513,0.003916364487456703,0.1211354472491997,2.0182452855051233e-06,0.0014767714554663133,0.15
6.710255735663362,0.31314526766429024,0.003916364295905673,0.12113544724662839,2.018245186644068e-06,0.0014767714554643073,0.15
6.710255735663362,0.32432902722372914,0.003916364191674643,0.12113544724526726,2.0182451328477705e-06,0.0014767714554635922,0.15
6.710255735663362,0.33551278678316815,0.003916364135729223,0.12113544724453493,2.018245103972005e-06,0.0014767714554631832,0.15
6.710255735663362,0.34669654634260705,0.003916364106125547,0.1211354472441267,2.0182450886918795e-06,0.0014767714554627732,0.15
6.710255735663362,0.357880305902046,0.0039163640906967065,0.12113544724389311,2.018245080727973e-06,0.0014767714554623618,0.15
6.710255735663362,0.36906406546148496,0.003916364082790197,0.12113544724375178,2.018245076646774e-06,0.0014767714554619496,0.15
6.710255735663362,0.38024782502092386,0.003916364078819528,0.12113544724365935,2.018245074597153e-06,0.0014767714554615359,0.15
6.710255735663362,0.3914315845803628,0.003916364076878484,0.12113544724359128,2.0182450735952066e-06,0.0014767714554611174,0.15
6.710255735663362,0.4026153441398017,0.003916364075968333,0.12113544724353552,2.0182450731254154e-06,0.0014767714554606954,0.15
6.710255735663362,0.4137991036992407,0.003916364075573604,0.12113544724348554,2.018245072921702e-06,0.0014767714554602682,0.15
6.710255735663362,0.4249828632586796,0.003916364075432359,0.1211354472434382,2.01824507284885e-06,0.0014767714554598365,0.15
6.710255735663362,0.4361666228181186,0.003916364075413363,0.1211354472433914,2.018245072839111e-06,0.0014767714554593985,0.15
6.710255735663362,0.4473503823775575,0.003916364075451803,0.12113544724334233,2.0182450728590308e-06,0.0014767714554589529,0.15
6.710255735663362,0.45853414193699643,0.003916364075516233,0.12113544724309896,2.0182450728930955e-06,0.0014767714554566739,0.15
6.710255735663362,0.4697179014964354,0.003916364075591342,0.12113544724255827,2.018245072933796e-06,0.0014767714554515489,0.15
6.710255735663362,0.4809016610558743,0.003916364075669826,0.12113544724200694,2.018245072976242e-06,0.001476771455446427,0.15
6.710255735663362,0.49208542061531324,0.003916364075748309,0.12113544724065492,2.018245073021592e-06,0.001476771455433911,0.15
6.710255735663362,0.5032691801747522,0.003916364075827918,0.12113544723688484,2.0182450730763167e-06,0.0014767714553990364,0.15
6.710255735663362,0.5144529397341912,0.0039163640759093945,0.12113544722635605,2.01824507315662e-06,0.001476771455301589,0.15
6.710255735663362,0.52563669929363,0.003916364075995129,0.1211354471975702,2.0182450733056314e-06,0.0014767714550350064,0.15
6.710255735663362,0.536820458853069,0.003916364076100012,0.12113544712031687,2.0182450736412128e-06,0.0014767714543191225,0.15
6.710255735663362,0.548004218412508,0.003916364076255264,0.1211354469168567,2.0182450744632197e-06,0.0014767714524324775,0.15
6.710255735663362,0.5591879779719469,0.003916364076542815,0.12113544639122753,2.0182450765296552e-06,0.0014767714475552149,0.15
6.710255735663362,0.5703717375313858,0.003916364077164037,0.1211354450599727,2.018245081711525e-06,0.0014767714351943911,0.15
6.710255735663362,0.5815554970908248,0.00391636407860485,0.12113544175642739,2.0182450945270153e-06,0.0014767714045001092,0.15
6.710255735663362,0.5927392566502637,0.003916364082011288,0.12113543372842366,2.0182451256418952e-06,0.0014767713298592172,0.15
6.710255735663362,0.6039230162097026,0.0039163640900244405,0.12113541463367196,2.0182451996525188e-06,0.001476771152204723,0.15
6.710255735663362,0.6151067757691415,0.003916364108585426,0.1211353702051435,2.0182453719279622e-06,0.001476770738569104,0.15
6.710255735663362,0.6262905353285805,0.003916364150729117,0.12113526913982894,2.0182457640395242e-06,0.0014767697969985038,0.15
6.710255735663362,0.6374742948880194,0.0039163642443252504,0.12113504450754425,2.018246636112008e-06,0.0014767677027956796,0.15
6.710255735663362,0.6486580544474583,0.003916364447387789,0.12113455698485087,2.018248530025515e-06,0.0014767631546069723,0.15
6.710255735663362,0.6598418140068973,0.00391636487736242,0.12113352451683886,2.0182525436153115e-06,0.0014767535158958303,0.15
6.710255735663362,0.6710255735663363,0.003916365765211448,0.12113139242367757,2.0182608374990544e-06,0.0014767335977172531,0.15
6.710255735663362,0.6822093331257751,0.0039163675515684,0.12112710246738329,2.018277537041216e-06,0.0014766934924806089,0.15
6.710255735663362,0.6933930926852141,0.0039163710507791605,0.12111869887068794,2.0183102728675424e-06,0.00147661487406502,0.15
6.710255735663362,0.704576852244653,0.003916377718349271,0.12110268597402615,2.0183726959177528e-06,0.0014764649572811554,0.15
6.710255735663362,0.715760611804092,0.0039163900654159995,0.12107303275981973,2.0184883821752467e-06,0.0014761871195275254,0.15
6.710255735663362,0.7269443713635309,0.003916412264872415,0.12101971704345565,2.018696558130257e-06,0.0014756871491946372,0.15
6.710255735663362,0.7381281309229699,0.003916450979145615,0.12092673724872938,2.0190599539033515e-06,0.001474814383428507,0.15
6.710255735663362,0.7493118904824089,0.0039165163991034466,0.12076961701861878,2.0196747364593127e-06,0.0014733378492335547,0.15
6.710255735663362,0.7604956500418477,0.003916623409460898,0.12051260589258352,2.020681827310234e-06,0.0014709190783413271,0.15
6.710255735663362,0.7716794096012867,0.003916792691175785,0.12010603120288031,2.0222780018205947e-06,0.0014670854455344302,0.15
6.710255735663362,0.7828631691607256,0.003917051458290202,0.1194845278614314,2.0247242092333537e-06,0.0014612101813545643,0.15
6.710255735663362,0.7940469287201646,0.003917433452449113,0.11856705104260948,2.028347949826056e-06,0.0014525066582035376,0.15
6.710255735663362,0.8052306882796034,0.003917977844253546,0.11725951455588975,2.0335367928339515e-06,0.0014400439555384815,0.15
6.710255735663362,0.8164144478390425,0.003918726862276125,0.11546048541777668,2.0407215313250333e-06,0.0014227873174097647,0.15
6.710255735663362,0.8275982073984814,0.003919722276667198,0.11306962990242135,2.050349867484656e-06,0.001399661357486037,0.15
6.710255735663362,0.8387819669579203,0.003921001213137,0.10999776835820332,2.0628541086143375e-06,0.0013696276527314884,0.15
6.710255735663362,0.8499657265173592,0.003922592018458774,0.10617680661844343,2.078618007523244e-06,0.001331764394696186,0.15
6.710255735663362,0.8611494860767982,0.003924510915750429,0.10156777061448977,2.0979477594802008e-06,0.001285336058392652,0.15
6.710255735663362,0.8723332456362372,0.003926759953176539,0.09616573426603078,2.1210502367473327e-06,0.0012298456868365872,0.15
6.710255735663362,0.883517005195676,0.003929326362103169,0.09000136176176175,2.148018603747625e-06,0.0011650694463689712,0.15
6.710255735663362,0.894700764755115,0.003932183063461732,0.08313969162462838,2.178822670238557e-06,0.0010910797995605647,0.15
6.710255735663362,0.9058845243145539,0.003935289831073875,0.07567734251909781,2.2132996244744257e-06,0.0010082677635271777,0.15
6.710255735663362,0.9170682838739929,0.003938594591092914,0.06773939192561702,2.2511405399584586e-06,0.0009173753187185559,0.15
6.710255735663362,0.9282520434334317,0.003942034482556112,0.05947682855174272,2.2918692994643347e-06,0.0008195460310900131,0.15
6.710255735663362,0.9394358029928708,0.003945536568586897,0.0510648439316997,2.3348133828759643e-06,0.0007163952186076421,0.15
6.710255735663362,0.9506195625523097,0.0039490184265554545,0.04270141494631965,2.379070701556734e-06,0.0006100896174027097,0.15
6.710255735663362,0.9618033221117486,0.003952389236813119,0.03460468906831316,2.423483947086656e-06,0.0005034090046049567,0.15
6.710255735663362,0.9729870816711875,0.0039555523987758025,0.027006701294460516,2.466643756708941e-06,0.0003997386122952513,0.15
6.710255735663362,0.9841708412306265,0.003958410998650474,0.020140241764679358,2.506951757934346e-06,0.0003029177209908356,0.15
6.710255735663362,0.9953546007900654,0.003960877299988081,0.01421606057047652,2.5427761247701933e-06,0.00021686604378292902,0.15
6.710255735663362,1.0065383603495044,0.003962886275499609,0.009390364766295763,2.5727113303047707e-06,0.00014495981911418195,0.15
6.710255735663362,1.0177221199089435,0.003964410631744489,0.005728727877933094,2.59589850157932e-06,8.926230335270946e-05,0.15
6.710255735663362,1.0289058794683823,0.003965471457469114,0.003180509292775146,2.612287209135106e-06,4.989489151530232e-05,0.15
6.710255735663362,1.0400896390278211,0.003966137181203217,0.0015813536604586274,2.6226833982792456e-06,2.4921898985185377e-05,0.15
6.710255735663362,1.05127339858726,0.003966507340557673,0.0006921739368989248,2.628503841634851e-06,1.0940303132614777e-05,0.15
6.710255735663362,1.062457158146699,0.003966686481406178,0.00026184602333244523,2.6313321997151005e-06,4.1460892707951855e-06,0.15
6.710255735663362,1.073640917706138,0.003966760567597203,8.38763175281237e-05,2.6325046530709268e-06,1.3296242895675373e-06,0.15
6.710255735663362,1.084824677265577,0.003966786205641304,2.228812100344363e-05,2.6329109682559295e-06,3.535662756997103e-07,0.15
6.710255735663362,1.096008436825016,0.003966793414548597,4.9705977990486405e-06,2.6330253339425545e-06,7.883249223079784e-08,0.15
6.710255735663362,1.1071921963844549,0.003966794979012059,1.2123480139777865e-06,2.6330501763214125e-06,1.91546119611267e-08,0.15
6.710255735663362,1.1183759559438937,0.003966795214325572,6.470581814870404e-07,2.633053916471174e-06,1.0169709079541934e-08,0.15
8.947007647551148,0.011183759559438938,0.003916364078426692,0.12113544724503873,2.0182450743877673e-06,0.0014767714554746363,0.15
8.947007647551148,0.022367519118877875,0.0039163640773519325,0.1211354472449842,2.018245073833174e-06,0.0014767714554742451,0.15
8.947007647551148,0.03355127867831681,0.00391636407679039,0.12113544724493601,2.0182450735434486e-06,0.0014767714554738541,0.15
8.947007647551148,0.04473503823775575,0.003916364076514304,0.12113544724489121,2.018245073401043e-06,0.001476771455473462,0.15
8.947007647551148,0.055918797797194685,0.003916364076395152,0.12113544724484836,2.0182450733396347e-06,0.00147677145547307,0.15
8.947007647551148,0.06710255735663362,0.003916364076361058,0.12113544724480682,2.0182450733221274e-06,0.0014767714554726815,0.15
8.947007647551148,0.07828631691607256,0.003916364076372211,0.12113544724476562,2.018245073327976e-06,0.001476771455472294,0.15
8.947007647551148,0.0894700764755115,0.003916364076406843,0.12113544724472505,2.0182450733459396e-06,0.0014767714554719087,0.15
8.947007647551148,0.10065383603495043,0.003916364076452838,0.12113544724468513,2.0182450733697734e-06,0.0014767714554715253,0.15
8.947007647551148,0.11183759559438937,0.0039163640765045755,0.1211354472446454,2.0182450733965757e-06,0.0014767714554711432,0.15
8.947007647551148,0.12302135515382831,0.003916364076556591,0.12113544724460544,2.018245073423522e-06,0.0014767714554707592,0.15
8.947007647551148,0.13420511471326724,0.0039163640766103165,0.12113544724456538,2.0182450734513486e-06,0.0014767714554703736,0.15
8.947007647551148,0.1453888742727062,0.003916364076664041,0.12113544724452505,2.0182450734791766e-06,0.0014767714554699857,0.15
8.947007647551148,0.15657263383214512,0.003916364076717833,0.12113544724448436,2.0182450735070415e-06,0.001476771455469594,0.15
8.947007647551148,0.16775639339158407,0.003916364076769438,0.12113544724444347,2.0182450735337798e-06,0.0014767714554692012,0.15
8.947007647551148,0.178940152951023,0.003916364076821041,0.12113544724440245,2.0182450735605176e-06,0.0014767714554688072,0.15
8.947007647551148,0.19012391251046193,0.003916364076872614,0.12113544724436136,2.0182450735872394e-06,0.0014767714554684123,0.15
8.947007647551148,0.20130767206990086,0.003916364076924171,0.12113544724432031,2.0182450736139535e-06,0.0014767714554680177,0.15
8.947007647551148,0.2124914316293398,0.003916364076975713,0.12113544724427909,2.0182450736406605e-06,0.0014767714554676215,0.15
8.947007647551148,0.22367519118877874,0.003916364077027271,0.12113544724423772,2.0182450736673755e-06,0.0014767714554672238,0.15
8.947007647551148,0.2348589507482177,0.003916364077076992,0.12113544724419613,2.0182450736931554e-06,0.0014767714554668246,0.15
8.947007647551148,0.24604271030765662,0.00391636407712419,0.12113544724415433,2.018245073717631e-06,0.0014767714554664235,0.15
8.947007647551148,0.2572264698670956,0.003916364077169267,0.12113544724411228,2.0182450737410153e-06,0.0014767714554660201,0.15
8.947007647551148,0.2684102294265345,0.003916364077211505,0.1211354472440703,2.0182450737629322e-06,0.001476771455465618,0.15
8.947007647551148,0.27959398898597343,0.0039163640772535225,0.12113544724402826,2.0182450737847353e-06,0.0014767714554652154,0.15
8.947007647551148,0.2907777485454124,0.003916364077295542,0.1211354472439861,2.018245073806539e-06,0.0014767714554648115,0.15
8.947007647551148,0.3019615081048513,0.003916364077337559,0.12113544724394394,2.0182450738283435e-06,0.0014767714554644075,0.15
8.947007647551148,0.31314526766429024,0.003916364077379564,0.12113544724390106,2.0182450738501483e-06,0.001476771455464001,0.15
8.947007647551148,0.32432902722372914,0.003916364077420205,0.12113544724378353,2.0182450738715066e-06,0.0014767714554629306,0.15
8.947007647551148,0.33551278678316815,0.003916364077460375,0.12113544724326865,2.0182450738941186e-06,0.001476771455458053,0.15
8.947007647551148,0.34669654634260705,0.003916364077498997,0.12113544724272793,2.0182450739160318e-06,0.0014767714554529306,0.15
8.947007647551148,0.357880305902046,0.003916364077537235,0.121135447242187,2.0182450739377463e-06,0.001476771455447808,0.15
8.947007647551148,0.36906406546148496,0.003916364077575471,0.12113544724163394,2.018245073959459e-06,0.0014767714554426849,0.15
8.947007647551148,0.38024782502092386,0.003916364077612838,0.12113544724020141,2.0182450739839426e-06,0.001476771455429389,0.15
8.947007647551148,0.3914315845803628,0.0039163640776490516,0.12113544723652457,2.018245074016018e-06,0.001476771455395272,0.15
8.947007647551148,0.4026153441398017,0.00391636407768702,0.12113544722719469,2.0182450740696513e-06,0.001476771455308642,0.15
8.947007647551148,0.4137991036992407,0.0039163640777298515,0.12113544720403449,2.01824507417635e-06,0.0014767714550934761,0.15
8.947007647551148,0.4249828632586796,0.003916364077785683,0.12113544714750503,2.018245074411785e-06,0.001476771454568053,0.15
8.947007647551148,0.4361666228181186,0.003916364077873766,0.1211354470116983,2.0182450749539364e-06,0.0014767714533051343,0.15
8.947007647551148,0.4473503823775575,0.0039163640780386704,0.12113544669066983,2.0182450762138128e-06,0.001476771450318265,0.15
8.947007647551148,0.45853414193699643,0.00391636407838014,0.12113544594426547,2.018245079122916e-06,0.001476771443370149,0.15
8.947007647551148,0.4697179014964354,0.003916364079120651,0.12113544423798449,2.0182450857558024e-06,0.0014767714274786584,0.15
8.947007647551148,0.4809016610558743,0.003916364080746467,0.12113544040423735,2.0182451006467818e-06,0.0014767713917547246,0.15
8.947007647551148,0.49208542061531324,0.003916364084299487,0.12113543194089202,2.018245133517954e-06,0.0014767713128505272,0.15
8.947007647551148,0.5032691801747522,0.003916364091968957,0.12113541359036642,2.0182452048088026e-06,0.0014767711416798666,0.15
8.947007647551148,0.5144529397341912,0.003916364108263032,0.12113537452627156,2.0182453566311105e-06,0.0014767707771090291,0.15
8.947007647551148,0.52563669929363,0.003916364142273727,0.12113529291368523,2.018245673963403e-06,0.0014767700150558813,0.15
8.947007647551148,0.536820458853069,0.003916364211949223,0.12113512564837804,2.018246324654081e-06,0.0014767684524169124,0.15
8.947007647551148,0.548004218412508,0.003916364351946627,0.12113478949733283,2.0182476329948237e-06,0.00147676531036951,0.15
8.947007647551148,0.5591879779719469,0.003916364627677488,0.12113412736625065,2.0182502114024263e-06,0.0014767591181151518,0.15
8.947007647551148,0.5703717375313858,0.003916365159716482,0.12113284967698638,2.0182551894224325e-06,0.0014767471628819445,0.15
8.947007647551148,0.5815554970908248,0.0039163661649413055,0.12113043556118719,2.0182645999930875e-06,0.0014767245622268874,0.15
8.947007647551148,0.5927392566502637,0.003916368023633709,0.12112597170062131,2.0182820099825447e-06,0.0014766827496469296,0.15
8.947007647551148,0.6039230162097026,0.0039163713851077695,0.12111789863283723,2.018313513707748e-06,0.0014766070883761866,0.15
8.947007647551148,0.6151067757691415,0.003916377327645491,0.12110362661746445,2.018369239037648e-06,0.0014764732540327142,0.15
8.947007647551148,0.6262905353285805,0.00391638759041672,0.12107897860567579,2.0184655347957946e-06,0.0014762419808603783,0.15
8.947007647551148,0.6374742948880194,0.003916404893679516,0.12103742116357911,2.018627997711046e-06,0.0014758517914253205,0.15
8.947007647551148,0.6486580544474583,0.00391643335627581,0.12096906169131015,2.0188954334059695e-06,0.0014752094827444606,0.15
8.947007647551148,0.6598418140068973,0.003916479003459045,0.12085942865070361,2.0193247043078737e-06,0.0014741784819135124,0.15
8.947007647551148,0.6710255735663363,0.003916550331663355,0.12068811499093308,2.0199961836188486e-06,0.0014725657457297337,0.15
8.947007647551148,0.6822093331257751,0.003916658861072616,0.12042745083135624,2.0210192211786854e-06,0.0014701086313398267,0.15
8.947007647551148,0.6933930926852141,0.00391681956784932,0.12004146513958497,2.0225366908062276e-06,0.0014664639726435845,0.15
8.947007647551148,0.704576852244653,0.00391705105771472,0.11948546861757933,2.0247274364691536e-06,0.0014612022031464749,0.15
8.947007647551148,0.715760611804092,0.003917375337686073,0.11870660176164421,2.0278054048171822e-06,0.0014538094377210867,0.15
8.947007647551148,0.7269443713635309,0.003917817078395633,0.11764560652702603,2.032014561918656e-06,0.0014436996805549341,0.15
8.947007647551148,0.7381281309229699,0.003918402340740972,0.1162398847010463,2.0376193661132063e-06,0.0014302377075612635,0.15
8.947007647551148,0.7493118904824089,0.003919156854866372,0.11442763166379998,2.044891479919171e-06,0.0014127709832512782,0.15
8.947007647551148,0.7604956500418477,0.003920104054859693,0.1121525570448873,2.0540942834003117e-06,0.001390666859448233,0.15
8.947007647551148,0.7716794096012867,0.003921263148266395,0.10936852188098296,2.06546728432878e-06,0.0013633500228704368,0.15
8.947007647551148,0.7828631691607256,0.00392264750403946,0.1060434109924891,2.0792124902514283e-06,0.0013303352309549672,0.15
8.947007647551148,0.7940469287201646,0.003924263570220722,0.10216173299349515,2.0954842066935372e-06,0.001291251818410725,0.15
8.947007647551148,0.8052306882796034,0.003926110407776955,0.09772574028353877,2.1143827604921403e-06,0.001245858775462546,0.15
8.947007647551148,0.8164144478390425,0.003928179792115068,0.09275518541100015,2.13595163324627e-06,0.0011940516344861641,0.15
8.947007647551148,0.8275982073984814,0.003930456729644343,0.08728608040525161,2.1601767077545166e-06,0.0011358642805507657,0.15
8.947007647551148,0.8387819669579203,0.003932920186366278,0.08136894672992386,2.186985927513113e-06,0.0010714697690816552,0.15
8.947007647551148,0.8499657265173592,0.003935543829927144,0.07506703282962066,2.216247649961055e-06,0.0010011842805604544,0.15
8.947007647551148,0.8611494860767982,0.003938296631728408,0.06845486777646137,2.2477662598735375e-06,0.0009254776559833412,0.15
8.947007647551148,0.8723332456362372,0.003941143243367726,0.06161735696586097,2.2812741240684824e-06,0.0008449927204038219,0.15
8.947007647551148,0.883517005195676,0.003944044138675851,0.054649440871988836,2.31641970626137e-06,0.0007605738300802311,0.15
8.947007647551148,0.894700764755115,0.0039469555945542256,0.04765614105592907,2.352752716033869e-06,0.0006733025444487579,0.15
8.947007647551148,0.9058845243145539,0.0039498296737327555,0.0407526016442297,2.389708717135795e-06,0.0005845345981992569,0.15
8.947007647551148,0.9170682838739929,0.003952614474915793,0.034063488654559916,2.4265978426496804e-06,0.0004959270109033288,0.15
8.947007647551148,0.9282520434334317,0.003955255025615703,0.02772084572301023,2.4626051181251827e-06,0.0004094373173383522,0.15
8.947007647551148,0.9394358029928708,0.00395769527936231,0.021859297253112402,2.4968127334396523e-06,0.0003272700803240829,0.15
8.947007647551148,0.9506195625523097,0.00395988166555373,0.016607522186386656,2.528255660519015e-06,0.00025174330911673196,0.15
8.947007647551148,0.9618033221117486,0.0039617683985881365,0.012075501878298481,2.5560181525712856e-06,0.00018505667932484265,0.15
8.947007647551148,0.9729870816711875,0.0039633241471195395,0.008338500579494517,2.579366410140577e-06,0.00012897287303231716,0.15
8.947007647551148,0.9841708412306265,0.0039645386930279,0.005421069952533036,2.5978916941815737e-06,8.447381145429945e-05,0.15
8.947007647551148,0.9953546007900654,0.003965427225007563,0.003286734467504021,2.6116162228433703e-06,5.150626497387991e-05,0.15
8.947007647551148,1.0065383603495044,0.003966029698736994,0.0018395264467114792,2.621008525943166e-06,2.894493654461438e-05,0.15
8.947007647551148,1.0177221199089435,0.00396640404492437,0.0009402988782612915,2.6268816168257e-06,1.4837024144644018e-05,0.15
8.947007647551148,1.0289058794683823,0.003966614764876651,0.00043411855914299606,2.6302012657967205e-06,6.862740749603052e-06,0.15
8.947007647551148,1.0400896390278211,0.003966720991720649,0.00017894407488197586,2.631879078139173e-06,2.8323579073482217e-06,0.15
8.947007647551148,1.05127339858726,0.003966768380109683,6.51084466378286e-05,2.6326287789915817e-06,1.0314386601016563e-06,0.15
8.947007647551148,1.062457158146699,0.00396678684111656,2.0761384894756915e-05,2.632921160183408e-06,3.2908009829286065e-07,0.15
8.947007647551148,1.073640917706138,0.003966793020124037,5.918055998965722e-06,2.633019104585255e-06,9.379620655110619e-08,0.15
8.947007647551148,1.084824677265577,0.0039667947578023045,1.7437426154620906e-06,2.6330466691820674e-06,2.757954062797788e-08,0.15
8.947007647551148,1.096008436825016,0.003966795154580356,7.905813257032886e-07,2.633052967721315e-06,1.2448854538373285e-08,0.15
8.947007647551148,1.1071921963844549,0.003966795223968547,6.23892524724312e-07,2.6330540700039216e-06,9.800873255265893e-09,0.15
8.947007647551148,1.1183759559438937,0.00396679523226353,6.039657450473432e-07,2.6330542018756652e-06,9.484079216520995e-09,0.15
11.183759559438936,0.011183759559438938,0.003916364077952174,0.12113544724503228,2.0182450741409525e-06,0.0014767714554746363,0.15
11.183759559438936,0.022367519118877875,0.003916364077980776,0.12113544724499131,2.0182450741558403e-06,0.0014767714554742451,0.15
11.183759559438936,0.03355127867831681,0.003916364078009379,0.12113544724495034,2.0182450741707286e-06,0.0014767714554738541,0.15
11.183759559438936,0.04473503823775575,0.003916364078037982,0.12113544724490928,2.018245074185617e-06,0.001476771455473462,0.15
11.183759559438936,0.055918797797194685,0.003916364078066584,0.12113544724486824,2.0182450742005052e-06,0.00147677145547307,0.15
11.183759559438936,0.06710255735663362,0.003916364078095182,0.1211354472448275,2.0182450742153927e-06,0.0014767714554726815,0.15
11.183759559438936,0.07828631691607256,0.00391636407812326,0.1211354472447869,2.018245074230016e-06,0.001476771455472294,0.15
11.183759559438936,0.0894700764755115,0.003916364078148087,0.12113544724474651,2.018245074242957e-06,0.0014767714554719087,0.15
11.183759559438936,0.10065383603495043,0.003916364078172902,0.12113544724470632,2.01824507425589e-06,0.0014767714554715253,0.15
11.183759559438936,0.11183759559438937,0.003916364078197723,0.12113544724466627,2.018245074268827e-06,0.0014767714554711432,0.15
11.183759559438936,0.12302135515382831,0.003916364078222544,0.121135447244626,2.0182450742817645e-06,0.0014767714554707592,0.15
11.183759559438936,0.13420511471326724,0.0039163640782473655,0.12113544724458557,2.018245074294702e-06,0.0014767714554703736,0.15
11.183759559438936,0.1453888742727062,0.003916364078272187,0.12113544724454486,2.018245074307641e-06,0.0014767714554699857,0.15
11.183759559438936,0.15657263383214512,0.0039163640782970055,0.12113544724450381,2.01824507432058e-06,0.001476771455469594,0.15
11.183759559438936,0.16775639339158407,0.003916364078321826,0.12113544724446258,2.0182450743335207e-06,0.0014767714554692012,0.15
11.183759559438936,0.178940152951023,0.003916364078346631,0.12113544724442121,2.0182450743464537e-06,0.0014767714554688072,0.15
11.183759559438936,0.19012391251046193,0.003916364078369814,0.12113544724437543,2.0182450743585607e-06,0.0014767714554684123,0.15
11.183759559438936,0.20130767206990086,0.003916364078390854,0.1211354472439634,2.0182450743709316e-06,0.00147677145546452,0.15
11.183759559438936,0.2124914316293398,0.0039163640784118945,0.12113544724342268,2.0182450743837862e-06,0.0014767714554593998,0.15
11.183759559438936,0.22367519118877874,0.003916364078432934,0.12113544724288192,2.0182450743966395e-06,0.001476771455454279,0.15
11.183759559438936,0.2348589507482177,0.0039163640784539745,0.12113544724234114,2.0182450744094945e-06,0.0014767714554491584,0.15
11.183759559438936,0.24604271030765662,0.003916364078475012,0.12113544724180032,2.018245074422347e-06,0.0014767714554440377,0.15
11.183759559438936,0.2572264698670956,0.003916364078496052,0.12113544724125526,2.0182450744352015e-06,0.001476771455438917,0.15
11.183759559438936,0.2684102294265345,0.003916364078517091,0.12113544724040075,2.0182450744491543e-06,0.0014767714554310034,0.15
11.183759559438936,0.27959398898597343,0.003916364078536373,0.12113544723815044,2.0182450744673113e-06,0.0014767714554100883,0.15
11.183759559438936,0.2907777485454124,0.003916364078557188,0.12113544723265258,2.0182450744981543e-06,0.0014767714553589515,0.15
11.183759559438936,0.3019615081048513,0.00391636407857979,0.1211354472197654,2.018245074556979e-06,0.0014767714552390042,0.15
11.183759559438936,0.31314526766429024,0.003916364078609128,0.1211354471901203,2.0182450746806793e-06,0.001476771454962965,0.15
11.183759559438936,0.32432902722372914,0.003916364078654888,0.12113544712302743,2.01824507495012e-06,0.0014767714543379613,0.15
11.183759559438936,0.33551278678316815,0.003916364078734239,0.12113544697337429,2.018245075539654e-06,0.0014767714529432849,0.15
11.183759559438936,0.34669654634260705,0.0039163640788881,0.12113544664431586,2.0182450768258135e-06,0.0014767714498754123,0.15
11.183759559438936,0.357880305902046,0.003916364079201653,0.1211354459311847,2.018245079604039e-06,0.0014767714432240252,0.15
11.183759559438936,0.36906406546148496,0.003916364079852106,0.1211354444082685,2.018245085529578e-06,0.0014767714290139084,0.15
11.183759559438936,0.38024782502092386,0.003916364081202229,0.12113544120429931,2.0182450979915745e-06,0.0014767713991057942,0.15
11.183759559438936,0.3914315845803628,0.003916364083982408,0.1211354345653888,2.01824512381551e-06,0.0014767713371079058,0.15
11.183759559438936,0.4026153441398017,0.003916364089638047,0.12113542102017391,2.018245176516403e-06,0.001476771210562688,0.15
11.183759559438936,0.4137991036992407,0.003916364100980862,0.12113539381608117,2.0182452823955616e-06,0.001476770956304923,0.15
11.183759559438936,0.4249828632586796,0.003916364123383957,0.1211353400491074,2.018245491736341e-06,0.0014767704535733706,0.15
11.183759559438936,0.4361666228181186,0.003916364166929663,0.12113523550541792,2.0182458989354266e-06,0.001476769475662144,0.15
11.183759559438936,0.4473503823775575,0.003916364250185953,0.1211350355912884,2.0182466779178663e-06,0.0014767676048649066,0.15
11.183759559438936,0.45853414193699643,0.00391636440669648,0.12113465974607836,2.0182481430304896e-06,0.0014767640862271576,0.15
11.183759559438936,0.4697179014964354,0.003916364695869424,0.12113396529062234,2.018250851263726e-06,0.0014767575820384489,0.15
11.183759559438936,0.4809016610558743,0.003916365220790069,0.12113270464587711,2.018255769572421e-06,0.0014767457699718211,0.15
11.183759559438936,0.49208542061531324,0.003916366156589827,0.12113045719734965,2.018264541524461e-06,0.0014767247026590538,0.15
11.183759559438936,0.5032691801747522,0.0039163677943541255,0.12112652383865818,2.0182799002896714e-06,0.0014766878157845649,0.15
11.183759559438936,0.5144529397341912,0.003916370607018816,0.12111976870120278,2.018306288954871e-06,0.0014766244382151484,0.15
11.183759559438936,0.52563669929363,0.003916375345008681,0.12110838944829172,2.01835076170559e-06,0.001476517627525982,0.15
11.183759559438936,0.536820458853069,0.003916383170003175,0.12108959599073398,2.0184242459213645e-06,0.001476341138647701,0.15
11.183759559438936,0.548004218412508,0.00391639583442401,0.12105917938119153,2.018543238785352e-06,0.0014760553488348295,0.15
11.183759559438936,0.5591879779719469,0.003916415911057738,0.1210109602839946,2.018731983873048e-06,0.0014756020297245146,0.15
11.183759559438936,0.5703717375313858,0.003916447070656391,0.12093612219677335,2.019025114489732e-06,0.0014748979982238818,0.15
11.183759559438936,0.5815554970908248,0.003916494394726412,0.12082246013846011,2.0194706556479843e-06,0.0014738279058458732,0.15
11.183759559438936,0.5927392566502637,0.003916564696220732,0.12065361033533703,2.0201331481005694e-06,0.0014722367347034407,0.15
11.183759559438936,0.6039230162097026,0.003916666804190691,0.1204083664490301,2.0210965119521427e-06,0.0014699229188076465,0.15
11.183759559438936,0.6151067757691415,0.003916811753273104,0.12006022436011467,2.0224661370524894e-06,0.0014666333223714075,0.15
11.183759559438936,0.6262905353285805,0.003917012810589353,0.11957731745831297,2.0243696197601685e-06,0.0014620614692765449,0.15
11.183759559438936,0.6374742948880194,0.0039172852772255155,0.11892289336773185,2.0269556104770963e-06,0.0014558503102892095,0.15
11.183759559438936,0.6486580544474583,0.003917646023296007,0.1180564306002132,2.030390425807094e-06,0.0014476003596090347,0.15
11.183759559438936,0.6598418140068973,0.003918112754618933,0.1169353998949473,2.0348524057927587e-06,0.0014368832478822654,0.15
11.183759559438936,0.6710255735663363,0.0039187030588898756,0.11551755524295583,2.0405244007193662e-06,0.001423259768315382,0.15
11.183759559438936,0.6822093331257751,0.003919433327712435,0.1137635231605872,2.0475851502469396e-06,0.0014063005838597777,0.15
11.183759559438936,0.6933930926852141,0.003920317683382812,0.11163938060508671,2.0562005561401338e-06,0.0013856071904442674,0.15
11.183759559438936,0.704576852244653,0.003921367044648452,0.1091188991258779,2.066515868537185e-06,0.001360830686276362,0.15
11.183759559438936,0.715760611804092,0.003922588440748315,0.10618519267564282,2.078649593007806e-06,0.0013316864080367798,0.15
11.183759559438936,0.7269443713635309,0.003923984634768654,0.10283162245089485,2.092689543899748e-06,0.00129796341172006,0.15
11.183759559438936,0.7381281309229699,0.003925554059707842,0.09906195058762031,2.108691027722115e-06,0.0012595288369802846,0.15
11.183759559438936,0.7493118904824089,0.003927291019039185,0.09488985849847788,2.126676750214715e-06,0.0012163281309130912,0.15
11.183759559438936,0.7604956500418477,0.003929186069232614,0.09033802810336572,2.146637778401316e-06,0.0011683827374420286,0.15
11.183759559438936,0.7716794096012867,0.003931226488821003,0.0854370151404604,2.1685347787713394e-06,0.0011157871231277194,0.15
11.183759559438936,0.7828631691607256,0.003933396744771042,0.08022412892071336,2.1922987752936253e-06,0.0010587069560741827,0.15
11.183759559438936,0.7940469287201646,0.003935678885915866,0.0747424872592802,2.217830784622252e-06,0.0009973799816265672,0.15
11.183759559438936,0.8052306882796034,0.003938052818216757,0.06904035524396816,2.2449998503825143e-06,0.0009321207433679449,0.15
11.183759559438936,0.8164144478390425,0.003940496442607792,0.06317081408057214,2.2736391920593258e-06,0.0008633298328206602,0.15
11.183759559438936,0.8275982073984814,0.003942985660899305,0.05719174687064894,2.3035404119259673e-06,0.000791507803818553,0.15
11.183759559438936,0.8387819669579203,0.003945494279126888,0.05116607074356253,2.334445999150356e-06,0.0007172731772778876,0.15
11.183759559438936,0.8499657265173592,0.003947993863180453,0.04516208363963775,2.3660407910546037e-06,0.0006413829512919303,0.15
11.183759559438936,0.8611494860767982,0.003950453631533635,0.039253722016470594,2.397943665891483e-06,0.000564752555780285,0.15
11.183759559438936,0.8723332456362372,0.003952840506255948,0.033520438410003385,2.4297015994025844e-06,0.0004884701303059679,0.15
11.183759559438936,0.883517005195676,0.003955119484080115,0.02804631028272716,2.4607892902998816e-06,0.00041379742662533807,0.15
11.183759559438936,0.894700764755115,0.0039572545237601875,0.02291790880144743,2.490618638059873e-06,0.00034214704744401004,0.15
11.183759559438936,0.9058845243145539,0.003959210150702541,0.018220444770706674,2.5185629169010043e-06,0.00027502438617899277,0.15
11.183759559438936,0.9170682838739929,0.003960953915481592,0.014031863527222388,2.543999614902017e-06,0.00021392473333368213,0.15
11.183759559438936,0.9282520434334317,0.003962459661908789,0.010414995188862219,2.5663724517908397e-06,0.0001601843140710002,0.15
11.183759559438936,0.9394358029928708,0.003963711236471816,0.007408644510760222,2.585266365985988e-06,0.00011480016935419037,0.15
11.183759559438936,0.9506195625523097,0.003964705853557664,0.005019507221156727,2.6004803052561385e-06,7.825530617006731e-05,0.15
11.183759559438936,0.9618033221117486,0.003965455998243571,0.0032175987850955688,2.6120753563124454e-06,5.040307675643272e-05,0.15
11.183759559438936,0.9729870816711875,0.003965988786741638,0.0019377897158709206,2.620376156691561e-06,3.0463770174530328e-05,0.15
11.183759559438936,0.9841708412306265,0.003966342336418792,0.001088524040888354,2.625915925789822e-06,1.715663338825448e-05,0.15
11.183759559438936,0.9953546007900654,0.003966559811399192,0.0005661215010551934,2.629336928625181e-06,8.938951791636614e-06,0.15
11.183759559438936,1.0065383603495044,0.003966682852058498,0.00027056024638831186,2.6312774765941967e-06,4.27747879084567e-06,0.15
11.183759559438936,1.0177221199089435,0.003966746382379887,0.00011795032918921679,2.6322811726871657e-06,1.8664416448825074e-06,0.15
11.183759559438936,1.0289058794683823,0.003966776077732716,4.661691668435619e-05,2.6327508689507404e-06,7.381494262643002e-07,0.15
11.183759559438936,1.0400896390278211,0.003966788531800966,1.6699885104433563e-05,2.6329480265920017e-06,2.645394351868181e-07,0.15
11.183759559438936,1.05127339858726,0.003966793169859755,5.558319929486498e-06,2.63302150231394e-06,8.803574251828781e-08,0.15
11.183759559438936,1.062457158146699,0.003966794683885259,1.9212989567351494e-06,2.6330455024690688e-06,3.038211660223194e-08,0.15
11.183759559438936,1.073640917706138,0.003966795109694506,8.984056277839848e-07,2.633052256393731e-06,1.4157613457145823e-08,0.15
11.183759559438936,1.084824677265577,0.003966795210379247,6.565361048740185e-07,2.633053854338093e-06,1.0318955191083195e-08,0.15
11.183759559438936,1.096008436825016,0.003966795229665245,6.102065287577191e-07,2.633054160602509e-06,9.583227949901782e-09,0.15
11.183759559438936,1.1071921963844549,0.003966795232479552,6.034463086791802e-07,2.633054205318694e-06,9.475807609813312e-09,0.15
11.183759559438936,1.1183759559438937,0.00396679523275826,6.027771077739912e-07,2.6330542097480657e-06,9.465167190065794e-09,0.15
13.420511471326725,0.011183759559438938,0.003916364078841927,0.12113544724504326,2.018245074599321e-06,0.0014767714554746363,0.15
13.420511471326725,0.022367519118877875,0.003916364078857161,0.12113544724500211,2.0182450746073224e-06,0.0014767714554742451,0.15
13.420511471326725,0.03355127867831681,0.003916364078872395,0.12113544724496099,2.018245074615324e-06,0.0014767714554738541,0.15
13.420511471326725,0.04473503823775575,0.003916364078887629,0.12113544724491973,2.0182450746233254e-06,0.001476771455473462,0.15
13.420511471326725,0.055918797797194685,0.003916364078902859,0.12113544724487672,2.0182450746313274e-06,0.00147677145547307,0.15
13.420511471326725,0.06710255735663362,0.003916364078917675,0.12113544724465133,2.018245074639784e-06,0.0014767714554709695,0.15
13.420511471326725,0.07828631691607256,0.0039163640789320366,0.12113544724411061,2.018245074649198e-06,0.0014767714554658501,0.15
13.420511471326725,0.0894700764755115,0.003916364078946398,0.12113544724356992,2.018245074658611e-06,0.001476771455460731,0.15
13.420511471326725,0.10065383603495043,0.0039163640789607644,0.12113544724302922,2.0182450746680268e-06,0.0014767714554556116,0.15
13.420511471326725,0.11183759559438937,0.0039163640789756215,0.1211354472424885,2.0182450746776956e-06,0.0014767714554504922,0.15
13.420511471326725,0.12302135515382831,0.003916364078990809,0.12113544724194782,2.0182450746875343e-06,0.0014767714554453728,0.15
13.420511471326725,0.13420511471326724,0.003916364079005995,0.12113544724140707,2.0182450746973726e-06,0.0014767714554402532,0.15
13.420511471326725,0.1453888742727062,0.003916364079020495,0.12113544724086625,2.0182450747068632e-06,0.0014767714554351334,0.15
13.420511471326725,0.15657263383214512,0.0039163640790327876,0.1211354472403196,2.0182450747152145e-06,0.0014767714554300138,0.15
13.420511471326725,0.16775639339158407,0.003916364079044314,0.12113544723935007,2.0182450747246886e-06,0.0014767714554210216,0.15
13.420511471326725,0.178940152951023,0.003916364079056386,0.12113544723681108,2.0182450747402033e-06,0.001476771455397391,0.15
13.420511471326725,0.19012391251046193,0.003916364079069644,0.12113544723100367,2.018245074768317e-06,0.0014767714553432915,0.15
13.420511471326725,0.20130767206990086,0.003916364079085294,0.12113544721806749,2.0182450748238143e-06,0.0014767714552227046,0.15
13.420511471326725,0.2124914316293398,0.003916364079107248,0.12113544718987504,2.018245074938562e-06,0.0014767714549597745,0.15
13.420511471326725,0.22367519118877874,0.003916364079142847,0.121135447129427,2.0182450751787673e-06,0.0014767714543958298,0.15
13.420511471326725,0.2348589507482177,0.003916364079206232,0.12113544700157235,2.0182450756808596e-06,0.0014767714532025853,0.15
13.420511471326725,0.24604271030765662,0.003916364079327755,0.12113544673463462,2.0182450767239324e-06,0.001476771450710438,0.15
13.420511471326725,0.2572264698670956,0.00391636407956685,0.12113544618447543,2.0182450788685843e-06,0.001476771445572342,0.15
13.420511471326725,0.2684102294265345,0.0039163640800427705,0.1211354450652775,2.018245083227568e-06,0.0014767714351162126,0.15
13.420511471326725,0.27959398898597343,0.003916364080988193,0.12113544281831487,2.0182450919767084e-06,0.0014767714141166524,0.15
13.420511471326725,0.2907777485454124,0.003916364082851259,0.1211354383671202,2.018245109309478e-06,0.0014767713725024698,0.15
13.420511471326725,0.3019615081048513,0.003916364086482853,0.12113542966824785,2.018245143189317e-06,0.001476771291148565,0.15
13.420511471326725,0.31314526766429024,0.003916364093473884,0.12113541290093298,2.0182452085114145e-06,0.0014767711342821748,0.15
13.420511471326725,0.32432902722372914,0.003916364106753279,0.12113538103092182,2.018245332708842e-06,0.0014767708360188534,0.15
13.420511471326725,0.33551278678316815,0.003916364131628772,0.12113532131104819,2.0182455655131466e-06,0.001476770276920645,0.15
13.420511471326725,0.34669654634260705,0.003916364177564139,0.12113521101260495,2.018245995630941e-06,0.0014767692439437833,0.15
13.420511471326725,0.357880305902046,0.003916364261155688,0.12113501027653308,2.018246778684899e-06,0.0014767673633323025,0.15
13.420511471326725,0.36906406546148496,0.003916364411016466,0.12113465038272037,2.0182481830835966e-06,0.0014767639904509618,0.15
13.420511471326725,0.38024782502092386,0.0039163646756223535,0.1211340149068992,2.018250663737276e-06,0.0014767580327394029,0.15
13.420511471326725,0.3914315845803628,0.003916365135634441,0.12113291012323711,2.018254977901518e-06,0.0014767476714822691,0.15
13.420511471326725,0.4026153441398017,0.0039163659228037264,0.12113101960124778,2.0182623629793516e-06,0.0014767299347691848,0.15
13.420511471326725,0.4137991036992407,0.003916367248250153,0.12112783628472859,2.0182748026609035e-06,0.0014767000582819002,0.15
13.420511471326725,0.4249828632586796,0.003916369443643756,0.12112256358186331,2.0182954147506257e-06,0.0014766505538062725,0.15
13.420511471326725,0.4361666228181186,0.0039163730194562985,0.12111397545572834,2.0183290002034857e-06,0.001476569890541408,0.15
13.420511471326725,0.4473503823775575,0.003916378744779018,0.12110022471321819,2.0183827962311492e-06,0.0014764406862514976,0.15
13.420511471326725,0.45853414193699643,0.0039163877529014126,0.12107858941848126,2.018467473905487e-06,0.0014762373111508818,0.15
13.420511471326725,0.4697179014964354,0.00391640167550231,0.12104515058009514,2.018598408776065e-06,0.0014759228360143634,0.15
13.420511471326725,0.4809016610558743,0.003916422805490983,0.12099440101881827,2.018797227753834e-06,0.001475445316682993,0.15
13.420511471326725,0.49208542061531324,0.003916454283912337,0.12091879642930553,2.019093593966935e-06,0.0014747335069225371,0.15
13.420511471326725,0.5032691801747522,0.003916500299837071,0.12080827524364342,2.0195271332161615e-06,0.001473692231089304,0.15
13.420511471326725,0.5144529397341912,0.003916566284249262,0.12064979290164954,2.020149335496967e-06,0.0014721978165827155,0.15
13.420511471326725,0.52563669929363,0.003916659070783773,0.12042693573284052,2.021025193627316e-06,0.0014700941576382685,0.15
13.420511471326725,0.536820458853069,0.0039167869896955115,0.12011969519865619,2.0222342857215125e-06,0.0014671901148585755,0.15
13.420511471326725,0.548004218412508,0.003916959859153999,0.11970448874432994,2.0238709906373523e-06,0.0014632589972113402,0.15
13.420511471326725,0.5591879779719469,0.003917188842295843,0.11915450309003266,2.0260435656625866e-06,0.0014580407768406223,0.15
13.420511471326725,0.5703717375313858,0.00391748615091031,0.1184404059073028,2.0288719240628663e-06,0.001451247426795309,0.15
13.420511471326725,0.5815554970908248,0.003917864596696655,0.11753142363761722,2.0324841196970693e-06,0.0014425713644572015,0.15
13.420511471326725,0.5927392566502637,0.003918337015692182,0.11639672397494903,2.0370117486857583e-06,0.001431696496372217,0.15
13.420511471326725,0.6039230162097026,0.003918915615458971,0.11500698391079782,2.042584669220089e-06,0.0014183109011388563,0.15
13.420511471326725,0.6151067757691415,0.003919611311760548,0.1133359830568693,2.049325570717809e-06,0.0014021198744194855,0.15
13.420511471326725,0.6262905353285805,0.003920433126724794,0.11136204930775126,2.057344955634548e-06,0.0013828579829828728,0.15
13.420511471326725,0.6374742948880194,0.0039213877118911495,0.10906920455173166,2.0667370203549594e-06,0.0013602989593175412,0.15
13.420511471326725,0.6486580544474583,0.003922479039006006,0.10644790746109303,2.0775767551211023e-06,0.001334262668186897,0.15
13.420511471326725,0.6598418140068973,0.0039237082741385996,0.10349535594268897,2.0899183692882785e-06,0.0013046188897212565,0.15
13.420511471326725,0.6710255735663363,0.003925073823227901,0.10021537779894713,2.103794937326975e-06,0.0012712881701747983,0.15
13.420511471326725,0.6822093331257751,0.003926571515312483,0.09661799065459924,2.1192189943422064e-06,0.0012342403917900877,0.15
13.420511471326725,0.6933930926852141,0.003928194876838726,0.09271874309164164,2.1361837099822673e-06,0.0011934919532023901,0.15
13.420511471326725,0.704576852244653,0.003929935447132952,0.08853795688881992,2.154664238296841e-06,0.0011491025270533944,0.15
13.420511471326725,0.715760611804092,0.003931783089636583,0.08409997942248344,2.1746188648411737e-06,0.001101172304484753,0.15
13.420511471326725,0.7269443713635309,0.003933726262967078,0.079432532554664,2.195989630707973e-06,0.0010498404959486574,0.15
13.420511471326725,0.7381281309229699,0.003935752227375093,0.0745662166934445,2.218702186911014e-06,0.000995285680645182,0.15
13.420511471326725,0.7493118904824089,0.0039378471735374955,0.06953420140094552,2.2426647087874035e-06,0.0009377284137587194,0.15
13.420511471326725,0.7604956500418477,0.00393999627071227,0.06437210969586517,2.26776577480707e-06,0.0008774363211833886,0.15
13.420511471326725,0.7716794096012867,0.003942183639942231,0.05911808239351681,2.2938711925022582e-06,0.0008147317232956601,0.15
13.420511471326725,0.7828631691607256,0.0039443922658689914,0.05381298991194555,2.3208198496920985e-06,0.0007500016000415256,0.15
13.420511471326725,0.7940469287201646,0.0039466038689463375,0.04850073920915866,2.3484188024708708e-06,0.0006837093894513725,0.15
13.420511471326725,0.8052306882796034,0.003948798769769438,0.04322859967291909,2.3764380082024066e-06,0.0006164076390708066,0.15
13.420511471326725,0.8164144478390425,0.003950955790049966,0.03804744100614879,2.404605397742861e-06,0.0005487498429017967,0.15
13.420511471326725,0.8275982073984814,0.003953052250949419,0.03301173728232844,2.43260337144559e-06,0.00048149885889881754,0.15
13.420511471326725,0.8387819669579203,0.003955064147896871,0.028179147115409097,2.4600682821540845e-06,0.00041552815234659007,0.15
13.420511471326725,0.8499657265173592,0.00395696659753238,0.0236094402148263,2.4865949546525446e-06,0.00035181094239105265,0.15
13.420511471326725,0.8611494860767982,0.003958734658251089,0.019362526577910124,2.5117485969039893e-06,0.00029139159417836276,0.15
13.420511471326725,0.8723332456362372,0.003960344606463832,0.015495391060847057,2.5350862578447024e-06,0.00023533408053677735,0.15
13.420511471326725,0.883517005195676,0.003961775687482579,0.012057887874375721,2.556188846722448e-06,0.0001846450745043575,0.15
13.420511471326725,0.894700764755115,0.003963012237478676,0.009087643684561882,2.574702278905137e-06,0.00014017511865823182,0.15
13.420511471326725,0.9058845243145539,0.00396404589466312,0.0066047462656336695,2.590382599432572e-06,0.00010251023723694249,0.15
13.420511471326725,0.9170682838739929,0.003964877426352174,0.004607355619745124,2.6031358711421735e-06,7.187612022675841e-05,0.15
13.420511471326725,0.9282520434334317,0.003965517585909126,0.0030696451726673507,2.613041154476963e-06,4.80829179506919e-05,0.15
13.420511471326725,0.9394358029928708,0.003965986495676045,0.0019432834716899417,2.6203464168043903e-06,3.053505750502037e-05,0.15
13.420511471326725,0.9506195625523097,0.00396631139446876,0.001162844289001763,2.625433854607053e-06,1.8314530994826133e-05,0.15
13.420511471326725,0.9618033221117486,0.0039665231165632395,0.0006542639216016257,2.628761161414052e-06,1.0321966457820196e-05,0.15
13.420511471326725,0.9729870816711875,0.003966652150989901,0.00034430689758918663,2.6307941025056103e-06,5.4385854174906335e-06,0.15
13.420511471326725,0.9841708412306265,0.003966725294449147,0.0001686060474575644,2.631948465138633e-06,2.6656447058274277e-06,0.15
13.420511471326725,0.9953546007900654,0.003966763645485895,7.648095462766191e-05,2.6325544518716503e-06,1.209971402403218e-06,0.15
13.420511471326725,1.0065383603495044,0.003966782138629991,3.205732753870124e-05,2.632846918339585e-06,5.074180358302767e-07,0.15
13.420511471326725,1.0177221199089435,0.003966790288482301,1.2479910481202902e-05,2.632975896110788e-06,1.9759015189677954e-07,0.15
13.420511471326725,1.0289058794683823,0.003966793547450658,4.651237409736758e-06,2.633027502435133e-06,7.362177599380765e-08,0.15
13.420511471326725,1.0400896390278211,0.003966794719895455,1.8347827323747177e-06,2.633046078417037e-06,2.8998435657977072e-08,0.15
13.420511471326725,1.05127339858726,0.00396679509537825,9.327905205335936e-07,2.633052030596733e-06,1.4699996962135655e-08,0.15
13.420511471326725,1.062457158146699,0.003966795200974766,6.791233403953769e-07,2.6330537053756756e-06,1.0676790453289948e-08,0.15
13.420511471326725,1.073640917706138,0.003966795226578825,6.176166184187693e-07,2.633054111664504e-06,9.700785893435777e-09,0.15
13.420511471326725,1.084824677265577,0.0039667952317947505,6.050869055248949e-07,2.633054194472836e-06,9.501859233109152e-09,0.15
13.420511471326725,1.096008436825016,0.0039667952326534655,6.030238861383648e-07,2.6330542081142086e-06,9.46908887730548e-09,0.15
13.420511471326725,1.1071921963844549,0.003966795232760604,6.027660775856089e-07,2.6330542098197048e-06,9.464991498605085e-09,0.15
13.420511471326725,1.1183759559438937,0.003966795232770734,6.027443210725755e-07,2.6330542099644318e-06,9.46464553137287e-09,0.15
15.65726338321451,0.011183759559438938,0.003916364079327557,0.12113544724155108,2.0182450748625072e-06,0.0014767714554415788,0.15
15.65726338321451,0.022367519118877875,0.003916364079336986,0.12113544724101037,2.018245074869379e-06,0.00147677145543646,0.15
15.65726338321451,0.03355127867831681,0.003916364079346411,0.12113544724046964,2.018245074876252e-06,0.0014767714554313408,0.15
15.65726338321451,0.04473503823775575,0.003916364079355449,0.12113544723992886,2.0182450748829304e-06,0.0014767714554262221,0.15
15.65726338321451,0.055918797797194685,0.003916364079363132,0.12113544723938358,2.0182450748889025e-06,0.0014767714554211027,0.15
15.65726338321451,0.06710255735663362,0.0039163640793708045,0.12113544723851472,2.018245074896019e-06,0.0014767714554130469,0.15
15.65726338321451,0.07828631691607256,0.003916364079379876,0.12113544723630917,2.0182450749087794e-06,0.001476771455392498,0.15
15.65726338321451,0.0894700764755115,0.003916364079389346,0.12113544723135433,2.018245074931836e-06,0.0014767714553462947,0.15
15.65726338321451,0.10065383603495043,0.003916364079400599,0.12113544722069298,2.018245074976768e-06,0.001476771455246809,0.15
15.65726338321451,0.11183759559438937,0.003916364079417119,0.12113544719833359,2.0182450750674066e-06,0.0014767714550380595,0.15
15.65726338321451,0.12302135515382831,0.003916364079443034,0.12113544715226161,2.0182450752500464e-06,0.0014767714546077663,0.15
15.65726338321451,0.13420511471326724,0.003916364079488737,0.12113544705859934,2.0182450756178577e-06,0.0014767714537327352,0.15
15.65726338321451,0.1453888742727062,0.0039163640795736145,0.1211354468704853,2.0182450763532445e-06,0.0014767714519747564,0.15
15.65726338321451,0.15657263383214512,0.003916364079735578,0.12113544649710294,2.0182450778099705e-06,0.0014767714484843406,0.15
15.65726338321451,0.16775639339158407,0.003916364080047068,0.12113544576464595,2.018245080665236e-06,0.0014767714416352134,0.15
15.65726338321451,0.178940152951023,0.003916364080644731,0.12113544434469384,2.018245086198931e-06,0.0014767714283534289,0.15
15.65726338321451,0.19012391251046193,0.003916364081783624,0.12113544162465427,2.0182450967992346e-06,0.001476771402903441,0.15
15.65726338321451,0.20130767206990086,0.003916364083933351,0.12113543647681978,2.018245116863907e-06,0.0014767713547234572,0.15
15.65726338321451,0.2124914316293398,0.003916364087946744,0.1211354268528866,2.0182451543832597e-06,0.0014767712646235054,0.15
15.65726338321451,0.22367519118877874,0.003916364095351865,0.12113540908297994,2.01824522367781e-06,0.0014767710982105191,0.15
15.65726338321451,0.2348589507482177,0.003916364108848503,0.12113537668304163,2.0182453500576177e-06,0.001476770794698002,0.15
15.65726338321451,0.24604271030765662,0.003916364133139344,0.12113531835887086,2.0182455776230093e-06,0.001476770248170985,0.15
15.65726338321451,0.2572264698670956,0.0039163641762972904,0.12113521472207277,2.0182459821041886e-06,0.0014767692767488079,0.15
15.65726338321451,0.2684102294265345,0.00391636425197571,0.12113503298104872,2.018246691625484e-06,0.0014767675727144602,0.15
15.65726338321451,0.27959398898597343,0.00391636438291741,0.12113471851423209,2.018247919676864e-06,0.0014767646233257504,0.15
15.65726338321451,0.2907777485454124,0.0039163646064178555,0.12113418174773852,2.0182500164781448e-06,0.0014767595874500344,0.15
15.65726338321451,0.3019615081048513,0.003916364982665227,0.12113327812543613,2.0182535474152536e-06,0.001476751107178342,0.15
15.65726338321451,0.31314526766429024,0.003916365607204773,0.12113177817154863,2.018259410326727e-06,0.0014767370261273447,0.15
15.65726338321451,0.32432902722372914,0.0039163666291590115,0.12112932372937923,2.018269007034654e-06,0.0014767139774554423,0.15
15.65726338321451,0.33551278678316815,0.003916368277237842,0.1211253654896875,2.0182844883540685e-06,0.0014766767953941357,0.15
15.65726338321451,0.34669654634260705,0.003916370895937391,0.12111907604686317,2.018309095311114e-06,0.0014766176956977199,0.15
15.65726338321451,0.357880305902046,0.003916374994550269,0.12110923218382741,2.018347621515283e-06,0.001476525165093152,0.15
15.65726338321451,0.36906406546148496,0.003916381311545225,0.12109406023992463,2.0184070212127327e-06,0.0014763825008138633,0.15
15.65726338321451,0.38024782502092386,0.0039163908963357865,0.12107103971154576,2.0184971827761583e-06,0.0014761659527611356,0.15
15.65726338321451,0.3914315845803628,0.003916405209231992,0.12103666317663739,2.018631876360555e-06,0.0014758424473168934,0.15
15.65726338321451,0.4026153441398017,0.003916426238270968,0.12098615567431495,2.0188298655069876e-06,0.0014753669173391912,0.15
15.65726338321451,0.4137991036992407,0.003916456628552533,0.12091316404429725,2.019116144817958e-06,0.001474679329304017,0.15
15.65726338321451,0.4249828632586796,0.003916499815749322,0.1208094362337329,2.019523230379532e-06,0.0014737015837013338,0.15
15.65726338321451,0.4361666228181186,0.003916560150982689,0.12066452133561471,2.0200923898394365e-06,0.0014723345603112694,0.15
15.65726338321451,0.4473503823775575,0.003916642999965821,0.1204655314284545,2.0208746614873233e-06,0.0014704556702174428,0.15
15.65726338321451,0.45853414193699643,0.003916754796254634,0.12019701363969537,2.021931485616654e-06,0.001467917339035721,0.15
15.65726338321451,0.4697179014964354,0.003916903027844163,0.11984098230408512,2.0233347674751725e-06,0.001464546855391565,0.15
15.65726338321451,0.4809016610558743,0.003917096139324738,0.1193771539418627,2.025166218389153e-06,0.0014601479531737285,0.15
15.65726338321451,0.49208542061531324,0.003917343338967421,0.11878341059565917,2.027515884319883e-06,0.0014545043455653284,0.15
15.65726338321451,0.5032691801747522,0.003917654311118594,0.11803649061915301,2.0304798650803813e-06,0.0014473852031479052,0.15
15.65726338321451,0.5144529397341912,0.003918038847675055,0.11711287384586448,2.0341573390122607e-06,0.001438552300379747,0.15
15.65726338321451,0.52563669929363,0.0039185064256890036,0.11598979616918156,2.0386471156215915e-06,0.001427768296045038,0.15
15.65726338321451,0.536820458853069,0.003919065768361856,0.11464630404098496,2.0440440184070887e-06,0.00141480542172939,0.15
15.65726338321451,0.548004218412508,0.003919724431247862,0.11306424843431191,2.050435432263916e-06,0.001399453775127767,0.15
15.65726338321451,0.5591879779719469,0.003920488453057635,0.11122912365241099,2.057898325659859e-06,0.001381528473063495,0.15
15.65726338321451,0.5703717375313858,0.003921362101398979,0.10913067810597804,2.0664969823717673e-06,0.0013608751002109375,0.15
15.65726338321451,0.5815554970908248,0.003922347730128301,0.10676325700511712,2.076281568208493e-06,0.0013373731521967925,0.15
15.65726338321451,0.5927392566502637,0.003923445749700096,0.10412587362507206,2.087287538571387e-06,0.001310937458976349,0.15
15.65726338321451,0.6039230162097026,0.003924654698066446,0.10122203904250732,2.0995357859324965e-06,0.0012815178308583437,0.15
15.65726338321451,0.6151067757691415,0.003925971389587703,0.09805940447703405,2.1130333486936876e-06,0.0012490973560024014,0.15
15.65726338321451,0.6262905353285805,0.003927391114148343,0.09464928302774857,2.1277744613077052e-06,0.001213689878109472,0.15
15.65726338321451,0.6374742948880194,0.0039289078580737775,0.09100611903307124,2.1437417179568977e-06,0.0011753372012576787,0.15
15.65726338321451,0.6486580544474583,0.003930514521480242,0.08714696598908238,2.1609071404322888e-06,0.001134106524773596,0.15
15.65726338321451,0.6598418140068973,0.003932203111934044,0.08309102136641423,2.1792329747005414e-06,0.0010900885297373715,0.15
15.65726338321451,0.6710255735663363,0.003933964900368244,0.07885925208143145,2.1986720803252646e-06,0.0010433964434113365,0.15
15.65726338321451,0.6822093331257751,0.00393579053105864,0.07447413031460262,2.219167815503853e-06,0.000994166315174309,0.15
15.65726338321451,0.6933930926852141,0.003937670082500071,0.06995948726719946,2.2406533546186665e-06,0.0009425586555445783,0.15
15.65726338321451,0.704576852244653,0.003939593080070914,0.06534048272375875,2.2630504050172362e-06,0.0008887615182538795,0.15
15.65726338321451,0.715760611804092,0.003941548464595499,0.0606436805503788,2.286267318481428e-06,0.0008329950362901752,0.15
15.65726338321451,0.7269443713635309,0.00394352452370166,0.05589721356268734,2.3101966264335997e-06,0.0007755173421513174,0.15
15.65726338321451,0.7381281309229699,0.003945508795756047,0.05113101426691053,2.334712074597058e-06,0.0007166316904587878,0.15
15.65726338321451,0.7493118904824089,0.003947487959734056,0.04637707939162974,2.3596653027606082e-06,0.0006566944331123175,0.15
15.65726338321451,0.7604956500418477,0.003949447729219511,0.04166972450807834,2.384882419789969e-06,0.0005961232461883103,0.15
15.65726338321451,0.7716794096012867,0.0039513727752689505,0.037045769328611,2.410160873440046e-06,0.0005354046489139421,0.15
15.65726338321451,0.7828631691607256,0.003953246711212109,0.032544574247213694,2.4352672138322143e-06,0.0004750993763180952,0.15
15.65726338321451,0.7940469287201646,0.00395505218199136,0.02820782579364636,2.459936590094499e-06,0.00041584358916205074,0.15
15.65726338321451,0.8052306882796034,0.003956771109527749,0.024078947329927474,2.483875066672992e-06,0.00035834331141513186,0.15
15.65726338321451,0.8164144478390425,0.0039583851501174055,0.020202000464937198,2.5067660217499365e-06,0.0003033590629050949,0.15
15.65726338321451,0.8275982073984814,0.003959876413923415,0.016619956926782573,2.5282818620952146e-06,0.00025167772218191893,0.15
15.65726338321451,0.8387819669579203,0.003961228472095323,0.013372279547555859,2.548101873461429e-06,0.0002040696518119817,0.15
15.65726338321451,0.8499657265173592,0.003962427625919728,0.010491873821767013,2.565936038094687e-06,0.00016123149019028985,0.15
15.65726338321451,0.8611494860767982,0.003963464331814649,0.008001665068616957,2.5815530167753534e-06,0.00012371893905192193,0.15
15.65726338321451,0.8723332456362372,0.003964334575913176,0.005911296593850149,2.5948084180599745e-06,9.187885941846565e-05,0.15
15.65726338321451,0.883517005195676,0.003965040902264089,0.0042146597623662855,2.6056675919719552e-06,6.579451781583791e-05,0.15
15.65726338321451,0.894700764755115,0.003965592767851715,0.0028890409669379163,2.6142164934561017e-06,4.525948724850729e-05,0.15
15.65726338321451,0.9058845243145539,0.003966005975255941,0.0018964840787165343,2.6206556367483237e-06,2.979216320911517e-05,0.15
15.65726338321451,0.9170682838739929,0.003966301136282348,0.0011874805621571722,2.625276046831515e-06,1.8693523675627678e-05,0.15
15.65726338321451,0.9282520434334317,0.003966501398671308,0.0007064298091391031,2.6284213502110915e-06,1.1138184891856985e-05,0.15
15.65726338321451,0.9394358029928708,0.003966629911582892,0.00039772710341228905,2.630444563291023e-06,6.27819655184605e-06,0.15
15.65726338321451,0.9506195625523097,0.003966707593396841,0.00021112556816099684,2.6316695803151288e-06,3.335551143335924e-06,0.15
15.65726338321451,0.9618033221117486,0.003966751645622835,0.00010530602305552144,2.6323650967004132e-06,1.6648246233342337e-06,0.15
15.65726338321451,0.9729870816711875,0.00396677498694195,4.92366643084856e-05,2.632733941931146e-06,7.788029562540117e-07,0.15
15.65726338321451,0.9841708412306265,0.0039667864933822985,2.1596328076664656e-05,2.6329158932394085e-06,3.4172641923140316e-07,0.15
15.65726338321451,0.9953546007900654,0.0039667917463006,8.977904753645722e-06,2.632999004942568e-06,1.4207766579568495e-07,0.15
15.65726338321451,1.0065383603495044,0.003966793955508557,3.670977444285026e-06,2.633033976852359e-06,5.806865915303145e-08,0.15
15.65726338321451,1.0177221199089435,0.003966794806292519,1.6272266952043668e-06,2.6330474512568254e-06,2.5700490273176132e-08,0.15
15.65726338321451,1.0289058794683823,0.003966795104157473,9.116929107777677e-07,2.6330521709106203e-06,1.4362900931469407e-08,0.15
15.65726338321451,1.0400896390278211,0.003966795198133667,6.859416423199637e-07,2.633053660631424e-06,1.0784265546074985e-08,0.15
15.65726338321451,1.05127339858726,0.003966795224559398,6.224614323862818e-07,2.6330540797202145e-06,9.7775182241233e-09,0.15
15.65726338321451,1.062457158146699,0.003966795231088493,6.06777227410897e-07,2.6330541833113873e-06,9.528667434599816e-09,0.15
15.65726338321451,1.073640917706138,0.00396679523247922,6.034367555180179e-07,2.6330542053844675e-06,9.47564259547909e-09,0.15
15.65726338321451,1.084824677265577,0.003966795232728246,6.028396230389482e-07,2.633054209332241e-06,9.466159743438918e-09,0.15
15.65726338321451,1.096008436825016,0.003966795232763583,6.027535093140651e-07,2.6330542099014307e-06,9.464791573285913e-09,0.15
15.65726338321451,1.1071921963844549,0.0039667952327689165,6.027441077826438e-07,2.6330542099645813e-06,9.464642132443072e-09,0.15
15.65726338321451,1.1183759559438937,0.0039667952327707345,6.02743416702664e-07,2.6330542099701696e-06,9.464631142233196e-09,0.15
17.894015295102296,0.011183759559438938,0.0039163640796239145,0.12113544720916004,2.0182450751343434e-06,0.001476771455138723,0.15
17.894015295102296,0.022367519118877875,0.0039163640796408975,0.12113544717769778,2.0182450752587857e-06,0.0014767714548446643,0.15
17.894015295102296,0.03355127867831681,0.003916364079671573,0.12113544711562248,2.0182450755029382e-06,0.0014767714542642779,0.15
17.894015295102296,0.04473503823775575,0.003916364079726704,0.1211354469946095,2.018245075976626e-06,0.001476771453132546,0.15
17.894015295102296,0.055918797797194685,0.003916364079828158,0.12113544676130503,2.0182450768876122e-06,0.0014767714509500503,0.15
17.894015295102296,0.06710255735663362,0.003916364080018061,0.12113544631635012,2.018245078623633e-06,0.0014767714467865246,0.15
17.894015295102296,0.07828631691607256,0.003916364080372,0.12113544547683237,2.0182450818976736e-06,0.0014767714389289355,0.15
17.894015295102296,0.0894700764755115,0.003916364081028827,0.12113544390993061,2.018245088008088e-06,0.0014767714242594368,0.15
17.894015295102296,0.10065383603495043,0.003916364082237631,0.12113544101718146,2.0182450992898316e-06,0.0014767713971701067,0.15
17.894015295102296,0.11183759559438937,0.0039163640844411375,0.1211354357353235,2.0182451198925863e-06,0.001476771347694829,0.15
17.894015295102296,0.12302135515382831,0.003916364088416351,0.1211354261982935,2.0182451571011974e-06,0.001476771258337777,0.15
17.894015295102296,0.13420511471326724,0.003916364095509986,0.12113540917165137,2.018245223545964e-06,0.0014767710987649172,0.15
17.894015295102296,0.1453888742727062,0.003916364108026876,0.12113537911989158,2.0182453408487945e-06,0.0014767708170470017,0.15
17.894015295102296,0.15657263383214512,0.0039163641298608776,0.12113532669121864,2.0182455455485584e-06,0.0014767703254285264,0.15
17.894015295102296,0.16775639339158407,0.003916364167504028,0.12113523629376025,2.018245898582406e-06,0.0014767694775559427,0.15
17.894015295102296,0.178940152951023,0.003916364231635213,0.12113508227985041,2.0182465002170337e-06,0.0014767680326164072,0.15
17.894015295102296,0.19012391251046193,0.003916364339580072,0.12113482303780176,2.0182475131760514e-06,0.0014767655997911641,0.15
17.894015295102296,0.20130767206990086,0.00391636451905497,0.12113439199987952,2.0182491978512855e-06,0.0014767615536859457,0.15
17.894015295102296,0.2124914316293398,0.003916364813763662,0.12113368420065897,2.0182519649577063e-06,0.0014767549078651074,0.15
17.894015295102296,0.22367519118877874,0.003916365291606804,0.12113253655882411,2.0182564528059644e-06,0.0014767441292580779,0.15
17.894015295102296,0.2348589507482177,0.003916366056488908,0.12113069951932642,2.0182636384805597e-06,0.001476726871130224,0.15
17.894015295102296,0.24604271030765662,0.003916367264945555,0.12112779711767181,2.0182749944851787e-06,0.0014766995968478783,0.15
17.894015295102296,0.2572264698670956,0.00391636914904075,0.12112327198411775,2.018292704581285e-06,0.0014766570614684485,0.15
17.894015295102296,0.2684102294265345,0.003916372047149149,0.12111631140912937,2.018319954151637e-06,0.0014765916143293012,0.15
17.894015295102296,0.27959398898597343,0.003916376444271218,0.12110575051202574,2.018361310815539e-06,0.0014764922848594158,0.15
17.894015295102296,0.2907777485454124,0.003916383023336729,0.12108994901488782,2.0184232093540075e-06,0.0014763436178433348,0.15
17.894015295102296,0.3019615081048513,0.00391639272842943,0.1210666393834841,2.0185145502845343e-06,0.0014761242357013598,0.15
17.894015295102296,0.31314526766429024,0.00391640683989771,0.12103274641650053,2.018647412677725e-06,0.0014758051263562267,0.15
17.894015295102296,0.32432902722372914,0.003916427059829466,0.12098418193909377,2.0188378683294054e-06,0.0014753476876322703,0.15
17.894015295102296,0.33551278678316815,0.003916455604341946,0.1209156231242108,2.019106866107281e-06,0.001474701603073248,0.15
17.894015295102296,0.34669654634260705,0.0039164952966690095,0.12082028889502273,2.0194811331373218e-06,0.0014738026772783725,0.15
17.894015295102296,0.357880305902046,0.003916549652366641,0.12068973525366264,2.019994015832093e-06,0.0014725708156942694,0.15
17.894015295102296,0.36906406546148496,0.0039166229455311384,0.12051369621317072,2.0206861624843804e-06,0.001470908384917068,0.15
17.894015295102296,0.38024782502092386,0.003916720243307655,0.12028000088833969,2.021605935418541e-06,0.00146869922254314,0.15
17.894015295102296,0.3914315845803628,0.003916847395818758,0.11997459766388217,2.022809440129632e-06,0.0014658085669688715,0.15
17.894015295102296,0.4026153441398017,0.00391701097052429,0.11958171183337565,2.0243600761171845e-06,0.0014620841360466162,0.15
17.894015295102296,0.4137991036992407,0.003917218124240016,0.11908415298177362,2.0263275512708804e-06,0.0014573584942802064,0.15
17.894015295102296,0.4249828632586796,0.0039174764124128925,0.1184637730793371,2.0287863565481044e-06,0.0014514527164186124,0.15
17.894015295102296,0.4361666228181186,0.003917793543039392,0.11770205754911568,2.031813763346607e-06,0.0014441811975856888,0.15
17.894015295102296,0.4473503823775575,0.003918177090553383,0.11678081249633672,2.03548747139241e-06,0.00143535730294725,0.15
17.894015295102296,0.45853414193699643,0.003918634191561289,0.11568289555216374,2.0398830873297507e-06,0.0014247994241226353,0.15
17.894015295102296,0.4697179014964354,0.003919171248023931,0.11439292884177019,2.045071642223813e-06,0.0014123369422205777,0.15
17.894015295102296,0.4809016610558743,0.003919793663457728,0.11289793264967517,2.0511173533346186e-06,0.0013978156042166036,0.15
17.894015295102296,0.49208542061531324,0.003920505633840928,0.11118782769236023,2.0580758020055167e-06,0.0013811018998820023,0.15
17.894015295102296,0.5032691801747522,0.003921310007909567,0.10925577071887031,2.0659926422401868e-06,0.0013620861640265918,0.15
17.894015295102296,0.5144529397341912,0.003922208222818466,0.1070983090853831,2.0749028850596163e-06,0.0013406842957164138,0.15
17.894015295102296,0.52563669929363,0.003923200312366754,0.10471536102569326,2.0848307349164314e-06,0.0013168381514211743,0.15
17.894015295102296,0.536820458853069,0.003924284977620974,0.10211004603693526,2.095789897259004e-06,0.0012905148064130368,0.15
17.894015295102296,0.548004218412508,0.00392545970477309,0.09928840179974359,2.1077842375801323e-06,0.0012617049718428026,0.15
17.894015295102296,0.5591879779719469,0.003926720912780352,0.0962590295552483,2.120808653910424e-06,0.0012304208990637745,0.15
17.894015295102296,0.5703717375313858,0.003928064113511962,0.09303270943362575,2.1348500245472007e-06,0.0011966941031861618,0.15
17.894015295102296,0.5815554970908248,0.003929484069162458,0.08962202234297487,2.149888106071393e-06,0.0011605732059949557,0.15
17.894015295102296,0.5927392566502637,0.003930974934821393,0.08604100750889163,2.1658962777438434e-06,0.0011221221478296595,0.15
17.894015295102296,0.6039230162097026,0.003932530377601655,0.08230487631745317,2.18284205203769e-06,0.0010814189611799971,0.15
17.894015295102296,0.6151067757691415,0.003934143667080623,0.07842979506369563,2.2006872935498806e-06,0.0010385552447386454,0.15
17.894015295102296,0.6262905353285805,0.003935807734669295,0.07443274233489586,2.2193881076851968e-06,0.0009936364306509242,0.15
17.894015295102296,0.6374742948880194,0.0039375152017698724,0.07033144136454761,2.2388943757530046e-06,0.000946782901077022,0.15
17.894015295102296,0.6486580544474583,0.003939258378247213,0.0661443636931647,2.2591489252332903e-06,0.000898131981077908,0.15
17.894015295102296,0.6598418140068973,0.003941029233971985,0.06189079751255909,2.2800863348086875e-06,0.000847840808798409,0.15
17.894015295102296,0.6710255735663363,0.003942819347207279,0.05759097163400473,2.301631386070358e-06,0.0007960900543505344,0.15
17.894015295102296,0.6822093331257751,0.0039446198346591264,0.05326622350154152,2.3236971911394402e-06,0.0007430884171666556,0.15
17.894015295102296,0.6933930926852141,0.003946421269364638,0.048939196422224496,2.346183052125068e-06,0.0006890777675132318,0.15
17.894015295102296,0.704576852244653,0.003948213594517808,0.04463404655773095,2.368972149349588e-06,0.0006343386993564527,0.15
17.894015295102296,0.715760611804092,0.003949986044078761,0.04037663362722614,2.3919292158828532e-06,0.0005791961161904223,0.15
17.894015295102296,0.7269443713635309,0.003951727084746975,0.03619466029929963,2.4148984406952313e-06,0.0005240242678336438,0.15
17.894015295102296,0.7381281309229699,0.00395342439860792,0.03211771389450061,2.437701953452395e-06,0.00046925039027412974,0.15
17.894015295102296,0.7493118904824089,0.003955064931157548,0.028177151060709116,2.4601393760198346e-06,0.0004153557834737243,0.15
17.894015295102296,0.7604956500418477,0.003956635034582165,0.02440575365400652,2.4819890626061567e-06,0.0003628728332920337,0.15
17.894015295102296,0.7716794096012867,0.003958120739391042,0.020837076327951308,2.5030117568417727e-06,0.00031237622817363527,0.15
17.894015295102296,0.7828631691607256,0.00395950818593788,0.017504410076508062,2.5229574098410023e-06,0.0002644665833537544,0.15
17.894015295102296,0.7940469287201646,0.003960784237174775,0.014439310458820367,2.5415757436891402e-06,0.00021974506863543854,0.15
17.894015295102296,0.8052306882796034,0.003961937270954712,0.011669694537351451,2.55863071553281e-06,0.00017877866677706758,0.15
17.894015295102296,0.8164144478390425,0.003962958111601702,0.009217603270212763,2.5739182743277256e-06,0.0001420575224576809,0.15
17.894015295102296,0.8275982073984814,0.003963841008044302,0.007096852013653065,2.5872857377070934e-06,0.00010994839888725341,0.15
17.894015295102296,0.8387819669579203,0.003964584509338187,0.005310927439881335,2.598649953859181e-06,8.265105170637459e-05,0.15
17.894015295102296,0.8499657265173592,0.0039651920474628715,0.003851587520677689,2.6080105583059363e-06,6.0166383747452136e-05,0.15
17.894015295102296,0.8611494860767982,0.003965672037858595,0.0026986198551225966,2.6154546112464476e-06,4.22853027950776e-05,0.15
17.894015295102296,0.8723332456362372,0.003966037371605966,0.0018210612625175274,2.621150110070642e-06,2.8604300988300723e-05,0.15
17.894015295102296,0.883517005195676,0.003966304299979306,0.001179876932595684,2.625328277281582e-06,1.8567996390342508e-05,0.15
17.894015295102296,0.894700764755115,0.0039664908704983215,0.0007317169593000918,2.628257464204501e-06,1.1531814919420464e-05,0.15
17.894015295102296,0.9058845243145539,0.0039666152050469305,0.0004330523313651567,2.6302138689110087e-06,6.832326345225276e-06,0.15
17.894015295102296,0.9170682838739929,0.00396669395670416,0.00024388174465512735,2.6314550149585777e-06,3.850950349044592e-06,0.15
17.894015295102296,0.9282520434334317,0.003966741218503974,0.00013035292825213892,2.632200738547452e-06,2.0596281755852235e-06,0.15
17.894015295102296,0.9394358029928708,0.003966768011534965,6.599239453182504e-05,2.6326238583742166e-06,1.043236399051965e-06,0.15
17.894015295102296,0.9506195625523097,0.003966782315193391,3.16328939710213e-05,2.632849894926551e-06,5.002632324425394e-07,0.15
17.894015295102296,0.9618033221117486,0.003966789482669736,1.4415481422120981e-05,2.632963222821096e-06,2.2803170610047675e-07,0.15
17.894015295102296,0.9729870816711875,0.003966792841872628,6.346109294738483e-06,2.6330163621807817e-06,1.0038200660050916e-07,0.15
17.894015295102296,0.9841708412306265,0.003966794308555701,2.8228738410423635e-06,2.633039574018261e-06,4.46230214739172e-08,0.15
17.894015295102296,0.9953546007900654,0.003966794902446626,1.396235195601319e-06,2.6330489769699957e-06,2.2035353958841073e-08,0.15
17.894015295102296,1.0065383603495044,0.0039667951243045705,8.632876975933594e-07,2.6330524910536197e-06,1.3593825222047948e-08,0.15
17.894015295102296,1.0177221199089435,0.003966795200295548,6.807415086530277e-07,2.6330536951883358e-06,1.0701241964266296e-08,0.15
17.894015295102296,1.0289058794683823,0.003966795223984662,6.238352593583392e-07,2.633054070710218e-06,9.799156316387865e-09,0.15
17.894015295102296,1.0400896390278211,0.003966795230645025,6.078359706629227e-07,2.6330541763307507e-06,9.545431914093122e-09,0.15
17.894015295102296,1.05127339858726,0.003966795232315023,6.038250406525309e-07,2.633054202819871e-06,9.481799256325256e-09,0.15
17.894015295102296,1.062457158146699,0.003966795232683476,6.0294153297229e-07,2.6330542086574735e-06,9.467776964294647e-09,0.15
17.894015295102296,1.073640917706138,0.003966795232753095,6.027738500363641e-07,2.633054209765635e-06,9.465114571271421e-09,0.15
17.894015295102296,1.084824677265577,0.003966795232765247,6.02747165594067e-07,2.6330542099427744e-06,9.464690715994697e-09,0.15
17.894015295102296,1.096008436825016,0.003966795232767099,6.027437447253295e-07,2.633054209965679e-06,9.464636356657288e-09,0.15
17.894015295102296,1.1071921963844549,0.003966795232768917,6.027434133285098e-07,2.633054209968985e-06,9.464631088400728e-09,0.15
17.894015295102296,1.1183759559438937,0.0039667952327707345,6.027433917571598e-07,2.633054209970328e-06,9.464630745333323e-09,0.15
20.130767206990086,0.011183759559438938,0.0039163640824011045,0.12113544096638904,2.018245099577785e-06,0.0014767713966541065,0.15
20.130767206990086,0.022367519118877875,0.003916364084482403,0.1211354359751108,2.0182451190589894e-06,0.0014767713498705047,0.15
20.130767206990086,0.03355127867831681,0.003916364088134304,0.12113542721163428,2.0182451532699733e-06,0.0014767712677105597,0.15
20.130767206990086,0.04473503823775575,0.003916364094477687,0.12113541198388203,2.01824521272888e-06,0.0014767711249127676,0.15
20.130767206990086,0.055918797797194685,0.0039163641053828815,0.12113538579987784,2.018245314990621e-06,0.0014767708793152945,0.15
20.130767206990086,0.06710255735663362,0.003916364123933946,0.12113534125260951,2.0182454890095534e-06,0.0014767704613778845,0.15
20.130767206990086,0.07828631691607256,0.003916364155155334,0.12113526627484687,2.0182457819690615e-06,0.0014767697577788988,0.15
20.130767206990086,0.0894700764755115,0.003916364207132551,0.1211351414474483,2.0182462698182936e-06,0.001476768586108475,0.15
20.130767206990086,0.10065383603495043,0.003916364292714688,0.12113493590995499,2.018247073285149e-06,0.001476766656408748,0.15
20.130767206990086,0.11183759559438937,0.003916364432061358,0.12113460124409016,2.01824838183461e-06,0.001476763513631384,0.15
20.130767206990086,0.12302135515382831,0.003916364656390006,0.12113406247285699,2.018250488936555e-06,0.0014767584529311237,0.15
20.130767206990086,0.13420511471326724,0.003916365013397962,0.12113320503801628,2.0182538431092988e-06,0.0014767503970690905,0.15
20.130767206990086,0.1453888742727062,0.003916365574968638,0.12113185629130337,2.0182591204944497e-06,0.0014767377221011457,0.15
20.130767206990086,0.15657263383214512,0.0039163664479207605,0.12112975967665666,2.018267326132893e-06,0.001476718014130145,0.15
20.130767206990086,0.16775639339158407,0.003916367788707229,0.12112653942554916,2.0182799325201768e-06,0.0014766877365175036,0.15
20.130767206990086,0.178940152951023,0.0039163698230937185,0.12112165329199458,2.018299065203743e-06,0.0014766417841055402,0.15
20.130767206990086,0.19012391251046193,0.0039163728719093975,0.12111433070268465,2.0183277458163847e-06,0.0014765728994829638,0.15
20.130767206990086,0.20130767206990086,0.003916377383918058,0.12110349380450615,2.018370202584677e-06,0.001476470927179927,0.15
20.130767206990086,0.2124914316293398,0.0039163839766475994,0.12108765939591896,2.0184322564731714e-06,0.0014763218861885646,0.15
20.130767206990086,0.22367519118877874,0.003916393485578206,0.12106482078121503,2.0185217871539527e-06,0.0014761068507433322,0.15
20.130767206990086,0.2348589507482177,0.003916407021365179,0.12103231032472454,2.0186492764148573e-06,0.0014758006450895018,0.15
20.130767206990086,0.24604271030765662,0.003916426033729018,0.12098664598962364,2.018828417143833e-06,0.0014753703807285899,0.15
20.130767206990086,0.2572264698670956,0.003916452379289524,0.1209233684009913,2.0190767637716673e-06,0.0014747738940646426,0.15
20.130767206990086,0.2684102294265345,0.00391648838903145,0.120836878791499,2.019416385765001e-06,0.0014739581767010288,0.15
20.130767206990086,0.27959398898597343,0.003916536929428839,0.12072029217596267,2.0198744709717122e-06,0.0014728579261627907,0.15
20.130767206990086,0.2907777485454124,0.003916601449782498,0.12056532363737575,2.020483812690553e-06,0.001471394375879197,0.15
20.130767206990086,0.3019615081048513,0.003916686007378944,0.12036222788239061,2.0212831062729394e-06,0.0014694745826354205,0.15
20.130767206990086,0.31314526766429024,0.0039167952620240126,0.1200998123552506,2.0223169810478012e-06,0.0014669913497467038,0.15
20.130767206990086,0.32432902722372914,0.003916934432662317,0.11976554141881689,2.023635704023983e-06,0.0014638239386000338,0.15
20.130767206990086,0.33551278678316815,0.0039171092113327475,0.11934574301312591,2.0252945143619915e-06,0.0014598396670788738,0.15
20.130767206990086,0.34669654634260705,0.003917325633553022,0.11882591997265697,2.0273525809901207e-06,0.001454896413204054,0.15
20.130767206990086,0.357880305902046,0.003917589908989008,0.11819115674293751,2.0298716163340763e-06,0.0014488459448179479,0.15
20.130767206990086,0.36906406546148496,0.003917908221275979,0.11742660019942716,2.0329142209839486e-06,0.0014415378956020397,0.15
20.130767206990086,0.38024782502092386,0.0039182865102655,0.11651798268698679,2.0365420700256137e-06,0.0014328241214737023,0.15
20.130767206990086,0.3914315845803628,0.003918730252922914,0.11545214830817604,2.040814074867178e-06,0.001422563115905727,0.15
20.130767206990086,0.4026153441398017,0.00391924425996537,0.1142175414101216,2.0457846599553955e-06,0.001410624149338398,0.15
20.130767206990086,0.4137991036992407,0.003919832503871529,0.11280461972252277,2.0515022804614064e-06,0.0013968908298301738,0.15
20.130767206990086,0.4249828632586796,0.003920497990343182,0.11120616312712564,2.0580082772605176e-06,0.0013812638535577427,0.15
20.130767206990086,0.4361666228181186,0.003921242680302032,0.1094174610441376,2.0653361248918623e-06,0.0013636628113899013,0.15
20.130767206990086,0.4473503823775575,0.00392206746394679,0.10743637476867822,2.07351108384988e-06,0.0013440270242489705,0.15
20.130767206990086,0.45853414193699643,0.003922972183191772,0.1052632835917008,2.0825502275904694e-06,0.0013223154783850697,0.15
20.130767206990086,0.4697179014964354,0.0039239556946867515,0.10290093344050275,2.092462782449203e-06,0.0012985060090031995,0.15
20.130767206990086,0.4809016610558743,0.003925015963000808,0.10035421306113042,2.103250698197651e-06,0.001272593929860598,0.15
20.130767206990086,0.49208542061531324,0.003926150172523844,0.09762988523587197,2.1149093585660308e-06,0.0012445903266274931,0.15
20.130767206990086,0.5032691801747522,0.003927354847003518,0.09473629965613012,2.1274283430456476e-06,0.0012145202270396535,0.15
20.130767206990086,0.5144529397341912,0.003928625967020242,0.09168311074491077,2.1407921607603783e-06,0.0011824208381127532,0.15
20.130767206990086,0.52563669929363,0.00392995907767854,0.08848101897699494,2.1549808909237276e-06,0.001148340007715884,0.15
20.130767206990086,0.536820458853069,0.003931349380965154,0.08514154902794688,2.169970679466704e-06,0.0011123350316066948,0.15
20.130767206990086,0.548004218412508,0.003932791809288764,0.08167687312372861,2.1857340556421468e-06,0.0010744718928721918,0.15
20.130767206990086,0.5591879779719469,0.003934281078483731,0.07809968371790657,2.2022400444512355e-06,0.0010348249917983274,0.15
20.130767206990086,0.5703717375313858,0.00393581171994564,0.07442311629412744,2.219454060074348e-06,0.0009934774017636221,0.15
20.130767206990086,0.5815554970908248,0.003937378092573089,0.07066072067441469,2.2373375722655182e-06,0.0009505216704729747,0.15
20.130767206990086,0.5927392566502637,0.00393897437587732,0.06682647756341102,2.2558475425392753e-06,0.0009060611741510091,0.15
20.130767206990086,0.6039230162097026,0.003940594546084985,0.06293485594346743,2.2749356309720765e-06,0.000860212022721122,0.15
20.130767206990086,0.6151067757691415,0.003942232337416899,0.05900090607823992,2.2945471789012363e-06,0.0008131055032833489,0.15
20.130767206990086,0.6262905353285805,0.003943881191098789,0.055040381984938616,2.3146199793658704e-06,0.0007648910334435911,0.15
20.130767206990086,0.6374742948880194,0.003945534195179018,0.05106988598987626,2.3350828577479782e-06,0.0007157395705553907,0.15
20.130767206990086,0.6486580544474583,0.003947184019020791,0.047107026077381965,2.3558541020199975e-06,0.0006658473822279779,0.15
20.130767206990086,0.6598418140068973,0.003948822847530488,0.0431705738746218,2.3768398078570113e-06,0.0006154400213621142,0.15
20.130767206990086,0.6710255735663363,0.003950442321891248,0.03928060701418899,2.3979322412697164e-06,0.0005647762591501153,0.15
20.130767206990086,0.6822093331257751,0.003952033495863962,0.03545861410718789,2.419008372545966e-06,0.0005141516066617304,0.15
20.130767206990086,0.6933930926852141,0.003953586819584402,0.03172753367560888,2.439928800856729e-06,0.0004639008981480752,0.15
20.130767206990086,0.704576852244653,0.003955092166044041,0.02811169056436018,2.460537366351851e-06,0.000414399223115032,0.15
20.130767206990086,0.715760611804092,0.003956538918637165,0.02463658567903863,2.480661827584556e-06,0.00036606029962005785,0.15
20.130767206990086,0.7269443713635309,0.003957916140414322,0.021328489471089604,2.50011604925124e-06,0.0003193312199446979,0.15
20.130767206990086,0.7381281309229699,0.003959212845595159,0.01821378980254385,2.518704169065843e-06,0.00027468244252625495,0.15
20.130767206990086,0.7493118904824089,0.003960418389496277,0.01531805538016698,2.536227150906753e-06,0.00023259205214856904,0.15
20.130767206990086,0.7604956500418477,0.003961522982054509,0.012664802310351022,2.5524919342820377e-06,0.00019352378375413624,0.15
20.130767206990086,0.7716794096012867,0.0039625183106797275,0.010273998033363867,2.5673230150656926e-06,0.0001578992061543129,0.15
20.130767206990086,0.7828631691607256,0.003963398230012049,0.008160404531251223,2.5805757316131075e-06,0.00012606580901801468,0.15
20.130767206990086,0.7940469287201646,0.003964159442388704,0.006331943819234485,2.592149846842639e-06,9.826437833863248e-05,0.15
20.130767206990086,0.8052306882796034,0.003964802061324854,0.004788344398493642,2.602001372971535e-06,7.460059229790272e-05,0.15
20.130767206990086,0.8164144478390425,0.00396532993359557,0.0035203675125821954,2.6101502351047975e-06,5.502661148461368e-05,0.15
20.130767206990086,0.8275982073984814,0.003965750607510587,0.0025098832237502072,2.6166815858176785e-06,3.933791895172108e-05,0.15
20.130767206990086,0.8387819669579203,0.003966074884444577,0.0017309475102082507,2.6217395206825764e-06,2.718841318215394e-05,0.15
20.130767206990086,0.8499657265173592,0.00396631597338769,0.0011518329371644326,2.625513496320318e-06,1.8123030108108487e-05,0.15
20.130767206990086,0.8611494860767982,0.003966488363172208,0.0007377375238974591,2.6282194945648116e-06,1.1622985929706845e-05,0.15
20.130767206990086,0.8723332456362372,0.003966606601381957,0.00045371782337314594,2.630079296166253e-06,7.155561964471085e-06,0.15
20.130767206990086,0.883517005195676,0.003966684192659013,0.00026733526645908006,2.631301603878391e-06,4.2194482602979455e-06,0.15
20.130767206990086,0.894700764755115,0.003966732790896117,0.0001505966253448465,2.632068036808993e-06,2.3783869941208547e-06,0.15
20.130767206990086,0.9058845243145539,0.003966761774456332,8.09744482803288e-05,2.6325255143541366e-06,1.2794681369917737e-06,0.15
20.130767206990086,0.9170682838739929,0.003966778194637317,4.153093889325121e-05,2.6327848600791677e-06,6.564844367020028e-07,0.15
20.130767206990086,0.9282520434334317,0.003966787009997014,2.0355160965322947e-05,2.6329241669545807e-06,3.218490438759847e-07,0.15
20.130767206990086,0.9394358029928708,0.003966791483172002,9.609900838327142e-06,2.6329948879457388e-06,1.5196625848757838e-07,0.15
20.130767206990086,0.9506195625523097,0.003966793622548153,4.470767452609743e-06,2.6330287256756366e-06,7.068246768494189e-08,0.15
20.130767206990086,0.9618033221117486,0.003966794583950428,2.1613120576147917e-06,2.6330439378206653e-06,3.414025287393435e-08,0.15
20.130767206990086,0.9729870816711875,0.003966794988483509,1.189549553358617e-06,2.633050341133355e-06,1.875832462976321e-08,0.15
20.130767206990086,0.9841708412306265,0.003966795147231489,8.082065083739897e-07,2.633052854875306e-06,1.2719833874429476e-08,0.15
20.130767206990086,0.9953546007900654,0.003966795205065045,6.692790191356011e-07,2.6330537709929725e-06,1.051913528881024e-08,0.15
20.130767206990086,1.0065383603495044,0.003966795224520767,6.225424353262773e-07,2.633054079295303e-06,9.778528446194991e-09,0.15
20.130767206990086,1.0177221199089435,0.00396679523052628,6.081154210148685e-07,2.6330541744984834e-06,9.549829258808084e-09,0.15
20.130767206990086,1.0289058794683823,0.003966795232214152,6.040599183931472e-07,2.6330542012699194e-06,9.485517611545668e-09,0.15
20.130767206990086,1.0400896390278211,0.003966795232642372,6.030313913823812e-07,2.633054208062017e-06,9.46920148089612e-09,0.15
20.130767206990086,1.05127339858726,0.003966795232739895,6.027987845849048e-07,2.633054209599086e-06,9.465510170953675e-09,0.15
20.130767206990086,1.062457158146699,0.003966795232759429,6.027525729494203e-07,2.633054209904671e-06,9.46477655866379e-09,0.15
20.130767206990086,1.073640917706138,0.003966795232763463,6.02744666935435e-07,2.633054209957425e-06,9.46465100456197e-09,0.15
20.130767206990086,1.084824677265577,0.003966795232765282,6.0274353379405e-07,2.63305420996581e-06,9.464633002725714e-09,0.15
20.130767206990086,1.096008436825016,0.003966795232767099,6.02743403107828e-07,2.633054209967844e-06,9.464630925787685e-09,0.15
20.130767206990086,1.1071921963844549,0.003966795232768917,6.027433917334251e-07,2.6330542099691222e-06,9.464630744951563e-09,0.15
20.130767206990086,1.1183759559438937,0.0039667952327707345,6.027433910690091e-07,2.633054209970332e-06,9.464630734384315e-09,0.15
22.367519118877873,0.011183759559438938,0.003916364248869668,0.12113504144698058,2.018246661505849e-06,0.0014767676454853966,0.15
22.367519118877873,0.022367519118877875,0.003916364354557209,0.12113478761809787,2.0182476543065957e-06,0.0014767652610390184,0.15
22.367519118877873,0.03355127867831681,0.003916364521977063,0.12113438552340092,2.0182492273534588e-06,0.0014767614829816317,0.15
22.367519118877873,0.04473503823775575,0.0039163647844071515,0.12113375523620792,2.0182516936460462e-06,0.0014767555595568643,0.15
22.367519118877873,0.055918797797194685,0.003916365191397433,0.12113277774808089,2.018255519347941e-06,0.0014767463711387386,0.15
22.367519118877873,0.06710255735663362,0.003916365815787472,0.12113127811333345,2.0182613899087904e-06,0.0014767322714171747,0.15
22.367519118877873,0.07828631691607256,0.003916366763257205,0.12112900250944614,2.0182703000894696e-06,0.001476710871171499,0.15
22.367519118877873,0.0894700764755115,0.003916368185082659,0.12112558759971645,2.0182836742517078e-06,0.0014766787493521922,0.15
22.367519118877873,0.10065383603495043,0.003916370294832994,0.12112052042939778,2.0183035239013205e-06,0.0014766310746830676,0.15
22.367519118877873,0.11183759559438937,0.003916373389758197,0.12111308705432455,2.0183326496307663e-06,0.0014765611206192337,0.15
22.367519118877873,0.12302135515382831,0.0039163778775492125,0.12110230826738637,2.0183748940019797e-06,0.0014764596579503362,0.15
22.367519118877873,0.13420511471326724,0.0039163843089601936,0.12108686124117017,2.018435450204658e-06,0.0014763142134310554,0.15
22.367519118877873,0.1453888742727062,0.0039163934164420135,0.12106498673423582,2.018521228186288e-06,0.001476108190365329,0.15
22.367519118877873,0.15657263383214512,0.003916406158399015,0.12103438278865102,2.0186412750930753e-06,0.001475819858731707,0.15
22.367519118877873,0.16775639339158407,0.00391642376794778,0.12099208761308698,2.0188072401737477e-06,0.0014754212385017964,0.15
22.367519118877873,0.178940152951023,0.0039164478041318,0.12093435656563249,2.0190338659261564e-06,0.0014748769199120705,0.15
22.367519118877873,0.19012391251046193,0.003916480202488696,0.12085654069006878,2.0193394777455413e-06,0.0014741428873186308,0.15
22.367519118877873,0.20130767206990086,0.003916523320782813,0.12075297686223488,2.019746434658896e-06,0.0014731654365027294,0.15
22.367519118877873,0.2124914316293398,0.00391657997476748,0.12061690188323045,2.020281495370261e-06,0.001471880295376534,0.15
22.367519118877873,0.22367519118877874,0.0039166534582291525,0.12044040432410802,2.0209760486167905e-06,0.001470212070589966,0.15
22.367519118877873,0.2348589507482177,0.0039167475415138285,0.12021442805394428,2.021866156659568e-06,0.0014680741429659021,0.15
22.367519118877873,0.24604271030765662,0.00391686644343325,0.1199288397078258,2.0229923672044004e-06,0.0014653691191497038,0.15
22.367519118877873,0.2572264698670956,0.003917014773005768,0.11957256861068037,2.0243992629688373e-06,0.0014619899134241511,0.15
22.367519118877873,0.2684102294265345,0.0039171974398771875,0.11913382193266615,2.0261347390441265e-06,0.0014578214833641833,0.15
22.367519118877873,0.27959398898597343,0.003917419535288876,0.11860037059122053,2.0282490242157845e-06,0.0014527431805181413,0.15
22.367519118877873,0.2907777485454124,0.003917686188747279,0.11795989352221296,2.030793490182573e-06,0.0014466316105847127,0.15
22.367519118877873,0.3019615081048513,0.00391800240860488,0.11720036059960597,2.033819317921158e-06,0.0014393638367622928,0.15
22.367519118877873,0.31314526766429024,0.003918372917070434,0.11631042894149692,2.037376108989511e-06,0.001430820715397605,0.15
22.367519118877873,0.32432902722372914,0.003918801991287868,0.11527982464406814,2.0415105379508363e-06,0.0014208901329045515,0.15
22.367519118877873,0.33551278678316815,0.003919293321821531,0.11409968271036544,2.04626513867578e-06,0.0014094699211445053,0.15
22.367519118877873,0.34669654634260705,0.003919849898176584,0.112762822042543,2.0516773025423304e-06,0.0013964702638550547,0.15
22.367519118877873,0.357880305902046,0.003920473928150628,0.11126393917687832,2.0577785430409034e-06,0.001381815463191008,0.15
22.367519118877873,0.36906406546148496,0.003921166794314804,0.10959971283076873,2.0645940529424564e-06,0.0013654450035303595,0.15
22.367519118877873,0.38024782502092386,0.003921929047329326,0.10776881997353861,2.0721425514301923e-06,0.0013473139187801107,0.15
22.367519118877873,0.3914315845803628,0.003922760432605536,0.10577187179735512,2.0804363933701015e-06,0.0013273925300077464,0.15
22.367519118877873,0.4026153441398017,0.003923659944418832,0.10361128374739907,2.089481893985268e-06,0.0013056656656495636,0.15
22.367519118877873,0.4137991036992407,0.00392462590014238,0.10129109721919778,2.099279810884302e-06,0.0012821315037292436,0.15
22.367519118877873,0.4249828632586796,0.00392565602680849,0.09881677164133777,2.1098259215353596e-06,0.0012568001847908523,0.15
22.367519118877873,0.4361666228181186,0.003926747552571332,0.09619496478298561,2.121111636659712e-06,0.00122969233853073,0.15
22.367519118877873,0.4473503823775575,0.0039278972966064534,0.09343331681301661,2.133124596832663e-06,0.0012008376507458586,0.15
22.367519118877873,0.45853414193699643,0.003929101752287592,0.09054025050626753,2.1458492088791372e-06,0.001170273574881023,0.15
22.367519118877873,0.4697179014964354,0.003930357159892522,0.08752479659928239,2.1592670887031304e-06,0.0011380442683106532,0.15
22.367519118877873,0.4809016610558743,0.003931659566433068,0.08439645007336846,2.1733573866762495e-06,0.0011041998107065194,0.15
22.367519118877873,0.49208542061531324,0.003933004871361083,0.0811650603633508,2.1880969797948866e-06,0.0010687957424226834,0.15
22.367519118877873,0.5032691801747522,0.003934388857818338,0.0778407562898862,2.2034605211103383e-06,0.0010318929457084,0.15
22.367519118877873,0.5144529397341912,0.003935807209766502,0.07443390490807153,2.2194203414258097e-06,0.00099355788077492,0.15
22.367519118877873,0.52563669929363,0.003937255515780335,0.0709551023911111,2.2359462011911663e-06,0.0009538631816870803,0.15
22.367519118877873,0.536820458853069,0.003938729260561472,0.06741519441026936,2.2530048923549676e-06,0.0009128886126583039,0.15
22.367519118877873,0.548004218412508,0.003940223805387732,0.06382532309128454,2.27055969122891e-06,0.0008707223822143954,0.15
22.367519118877873,0.5591879779719469,0.003941734358820133,0.06019699737313297,2.2885696648677447e-06,0.0008274628092154155,0.15
22.367519118877873,0.5703717375313858,0.0039432559391049645,0.05654218331535488,2.306988835860829e-06,0.000783220328975727,0.15
22.367519118877873,0.5815554970908248,0.003944783329899528,0.052873410442630914,2.325765214699612e-06,0.0007381198174720747,0.15
22.367519118877873,0.5927392566502637,0.003946311031278864,0.049203889425724595,2.3448397161173997e-06,0.0006923031942595459,0.15
22.367519118877873,0.6039230162097026,0.003947833208512058,0.04554763512030915,2.3641449872577464e-06,0.0006459322371891289,0.15
22.367519118877873,0.6151067757691415,0.003949343641896876,0.04191958706588188,2.3836041926251255e-06,0.0005991915009566876,0.15
22.367519118877873,0.6262905353285805,0.0039508356820628495,0.03833571685073963,2.4031298249229687e-06,0.0005522911735023399,0.15
22.367519118877873,0.6374742948880194,0.003952302216634414,0.03481310819284204,2.422622643230169e-06,0.0005054696265881998,0.15
22.367519118877873,0.6486580544474583,0.00395373565597068,0.03136999120147993,2.441970880810707e-06,0.0004589953187778088,0.15
22.367519118877873,0.6598418140068973,0.00395512794776843,0.028025707315039554,2.461049912764562e-06,0.00041316759395518043,0.15
22.367519118877873,0.6710255735663363,0.003956470632375868,0.02480057645197127,2.4797226242397494e-06,0.0003683157971857612,0.15
22.367519118877873,0.6822093331257751,0.003957754952264365,0.021715634083724393,2.4978407639081805e-06,0.00032479602407819915,0.15
22.367519118877873,0.6933930926852141,0.003958972029472377,0.018792205039004303,2.5152475894668738e-06,0.00028298476679669755,0.15
22.367519118877873,0.704576852244653,0.003960113122940511,0.01605128541400956,2.531782089777773e-06,0.0002432687730616253,0.15
22.367519118877873,0.715760611804092,0.003961169972201201,0.013512717058865613,2.5472849743875325e-06,0.00020603065992190654,0.15
22.367519118877873,0.7269443713635309,0.003962135223668768,0.011194163651672086,2.5616064289203464e-06,0.00017163028582779466,0.15
22.367519118877873,0.7381281309229699,0.003963002920200536,0.009109934785465918,2.574615330366515e-06,0.00014038261584054204,0.15
22.367519118877873,0.7493118904824089,0.0039637690145078305,0.0072697527505093205,2.5862092159428523e-06,0.00011253377643061147,0.15
22.367519118877873,0.7604956500418477,0.003964431845543845,0.005677608220939924,2.5963238672574056e-06,8.82380338623935e-05,0.15
22.367519118877873,0.7716794096012867,0.003964992500065423,0.004330891728477354,2.6049410272199504e-06,6.753925721952643e-05,0.15
22.367519118877873,0.7828631691607256,0.003965454977008874,0.0032199987532878457,2.6120926664782113e-06,5.036066902405862e-05,0.15
22.367519118877873,0.7940469287201646,0.003965826087513272,0.0023285697771106865,2.617860499185593e-06,3.650600671118888e-05,0.15
22.367519118877873,0.8052306882796034,0.003966115061348623,0.0016344355551151653,2.6223701613595525e-06,2.5673504616141054e-05,0.15
22.367519118877873,0.8164144478390425,0.003966332886055023,0.0011112044385118746,2.625780496453992e-06,1.7481628827228987e-05,0.15
22.367519118877873,0.8275982073984814,0.003966491464179037,0.0007302866642998319,2.628269466104695e-06,1.1502919031422703e-05,0.15
22.367519118877873,0.8387819669579203,0.003966602717453861,0.0004630461293586041,2.630018967254211e-06,7.300457991565495e-06,0.15
22.367519118877873,0.8499657265173592,0.00396667777840166,0.0002827422137665487,2.631201014245186e-06,4.461063019058006e-06,0.15
22.367519118877873,0.8611494860767982,0.003966726384479158,0.00016598511806516683,2.631967272738909e-06,2.6204267495098536e-06,0.15
22.367519118877873,0.8723332456362372,0.003966756536552729,9.355628507947283e-05,2.6324429955114785e-06,1.4776846741187508e-06,0.15
22.367519118877873,0.883517005195676,0.003966774421221099,5.059504726807349e-05,2.632725348522013e-06,7.994370297479417e-07,0.15
22.367519118877873,0.894700764755115,0.00396678454538556,2.627543378570285e-05,2.6328852654825717e-06,4.1529486342643256e-07,0.15
22.367519118877873,0.9058845243145539,0.0039667900041875015,1.3162605000563531e-05,2.632971528425653e-06,2.0807885892036107e-07,0.15
22.367519118877873,0.9170682838739929,0.003966792801788979,6.442338986690559e-06,2.6330157551532834e-06,1.0183951325790754e-07,0.15
22.367519118877873,0.9282520434334317,0.00396679416147452,3.1761549896932663e-06,2.633037258097874e-06,5.018597707774556e-08,0.15
22.367519118877873,0.9394358029928708,0.003966794786604376,1.6744870465221717e-06,2.6330471478060696e-06,2.6429221606278833e-08,0.15
22.367519118877873,0.9506195625523097,0.003966795057732348,1.0231898854058934e-06,2.6330514385949166e-06,1.6121983820605743e-08,0.15
22.367519118877873,0.9618033221117486,0.003966795168317209,7.575452150487548e-07,2.633053189268164e-06,1.1916541205609167e-08,0.15
22.367519118877873,0.9729870816711875,0.003966795210584174,6.560128589761086e-07,2.633053858617773e-06,1.030863402330428e-08,0.15
22.367519118877873,0.9841708412306265,0.003966795225661912,6.197940272978319e-07,2.6330540974684864e-06,9.734866827003759e-09,0.15
22.367519118877873,0.9953546007900654,0.003966795230658517,6.077917189730785e-07,2.6330541766456166e-06,9.544667067347421e-09,0.15
22.367519118877873,1.0065383603495044,0.0039667952321882465,6.041169619985437e-07,2.6330542008952085e-06,9.48641423155463e-09,0.15
22.367519118877873,1.0177221199089435,0.0039667952326181,6.0308414314739e-07,2.633054207712903e-06,9.470036436390216e-09,0.15
22.367519118877873,1.0289058794683823,0.00396679523272792,6.028197298502624e-07,2.633054209458724e-06,9.465842158630943e-09,0.15
22.367519118877873,1.0400896390278211,0.003966795232753585,6.027586519290616e-07,2.6330542098623287e-06,9.464872986784006e-09,0.15
22.367519118877873,1.05127339858726,0.003966795232759827,6.027460720711671e-07,2.63305420994612e-06,9.46467330648554e-09,0.15
22.367519118877873,1.062457158146699,0.003966795232761647,6.027437966870502e-07,2.6330542099617335e-06,9.464637177338412e-09,0.15
22.367519118877873,1.073640917706138,0.003966795232763466,6.027434424567336e-07,2.633054209965184e-06,9.46463155090657e-09,0.15
22.367519118877873,1.084824677265577,0.003966795232765282,6.027433962905596e-07,2.6330542099666815e-06,9.464630817378556e-09,0.15
22.367519118877873,1.096008436825016,0.003966795232767099,6.027433914538046e-07,2.6330542099679186e-06,9.464630740501892e-09,0.15
22.367519118877873,1.1071921963844549,0.003966795232768917,6.027433910723749e-07,2.633054209969126e-06,9.464630734437096e-09,0.15
22.367519118877873,1.1183759559438937,0.0039667952327707345,6.027433910531132e-07,2.633054209970332e-06,9.464630734131416e-09,0.15
24.604271030765663,0.011183759559438938,0.00391636845577507,0.12112493758197983,2.018286233966003e-06,0.0014766726011063464,0.15
24.604271030765663,0.022367519118877875,0.003916370580146352,0.12111983527063021,2.0183062279179767e-06,0.0014766245796346002,0.15
24.604271030765663,0.03355127867831681,0.003916373641443899,0.1211124826300696,2.0183350463386223e-06,0.0014765553633673129,0.15
24.604271030765663,0.04473503823775575,0.00391637800565788,0.1211020006075412,2.0183761396901993e-06,0.0014764566648242197,0.15
24.604271030765663,0.055918797797194685,0.00391638415982851,0.12108721940361288,2.0184341015107193e-06,0.0014763174509962523,0.15
24.604271030765663,0.06710255735663362,0.003916392742712377,0.12106660481244454,2.018514959119638e-06,0.0014761232450904544,0.15
24.604271030765663,0.07828631691607256,0.003916404579521834,0.12103817478019191,2.018626503698489e-06,0.0014758553336945278,0.15
24.604271030765663,0.0894700764755115,0.003916420719852508,0.12099940830424905,2.0187786519306527e-06,0.0014754898981305987,0.15
24.604271030765663,0.10065383603495043,0.003916442477271823,0.12094715034201269,2.0189838255449956e-06,0.0014749971027956206,0.15
24.604271030765663,0.11183759559438937,0.003916471468316024,0.12087751813882684,2.0192573285680543e-06,0.0014743401889941836,0.15
24.604271030765663,0.12302135515382831,0.003916509647907772,0.12078581615233609,2.019617695503963e-06,0.0014734746385886336,0.15
24.604271030765663,0.13420511471326724,0.003916559337561281,0.12066646829957069,2.020086977962415e-06,0.0014723474854806944,0.15
24.604271030765663,0.1453888742727062,0.003916623242315707,0.12051297727634278,2.020690933589959e-06,0.0014708968617429977,0.15
24.604271030765663,0.15657263383214512,0.0039167044522689185,0.12031792086493207,2.021459080734111e-06,0.0014690518662443647,0.15
24.604271030765663,0.16775639339158407,0.003916806424993784,0.1200729941605219,2.0224245861150363e-06,0.001466732834378006,0.15
24.604271030765663,0.178940152951023,0.0039169329460854085,0.11976910432623167,2.0236239614778778e-06,0.0014638520666106903,0.15
24.604271030765663,0.19012391251046193,0.003917088066607766,0.11939652083568462,2.025096558614893e-06,0.0014603150413473964,0.15
24.604271030765663,0.20130767206990086,0.003917276018179045,0.11894507942820001,2.026883869260188e-06,0.0014560220965000694,0.15
24.604271030765663,0.2124914316293398,0.003917501108649234,0.11840443268410676,2.029028655274989e-06,0.0014508705187154453,0.15
24.604271030765663,0.22367519118877874,0.003917767603487624,0.11776433492630267,2.031573952712298e-06,0.0014447569355676576,0.15
24.604271030765663,0.2348589507482177,0.003918079599789275,0.11701494485602196,2.034562008024535e-06,0.0014375798707727183,0.15
24.604271030765663,0.24604271030765662,0.003918440900920725,0.11614712665539842,2.038033213441161e-06,0.0014292423014263147,0.15
24.604271030765663,0.2572264698670956,0.003918854900060194,0.115152729730081,2.042025109864104e-06,0.0014196540530929144,0.15
24.604271030765663,0.2684102294265345,0.003919324480175767,0.11402482897015806,2.0465715192018883e-06,0.0014087338840064695,0.15
24.604271030765663,0.27959398898597343,0.003919851936431671,0.11275791114018331,2.0517018548960244e-06,0.0013964111412694648,0.15
24.604271030765663,0.2907777485454124,0.003920438924854177,0.11134799819641523,2.0574406415645635e-06,0.0013826269147615082,0.15
24.604271030765663,0.3019615081048513,0.003921086438646332,0.10979270418934595,2.063807254884623e-06,0.001367334662032538,0.15
24.604271030765663,0.31314526766429024,0.003921794811167653,0.10809122811764657,2.0708158737921533e-06,0.0013505003232031738,0.15
24.604271030765663,0.32432902722372914,0.003922563742574712,0.1062442899463412,2.078475621055959e-06,0.001332101983376704,0.15
24.604271030765663,0.33551278678316815,0.003923392345659933,0.10425402050857158,2.086790856751882e-06,0.0013121291677681568,0.15
24.604271030765663,0.34669654634260705,0.003924279205608887,0.10212381797349587,2.09576158267574e-06,0.0012905818703409571,0.15
24.604271030765663,0.357880305902046,0.0039252224481975415,0.09985818403859573,2.1053839140231266e-06,0.0012674694208508021,0.15
24.604271030765663,0.36906406546148496,0.00392621981126933,0.09746255224231937,2.1156505768753833e-06,0.0012428092898876001,0.15
24.604271030765663,0.38024782502092386,0.00392726871501544,0.09494311914979751,2.126551394994554e-06,0.0012166259195840851,0.15
24.604271030765663,0.3914315845803628,0.003928366327473371,0.09230668702268464,2.1380737359263335e-06,0.001188949652056019,0.15
24.604271030765663,0.4026153441398017,0.003929509622615723,0.08956052428693377,2.150202893361546e-06,0.0011598158109420672,0.15
24.604271030765663,0.4137991036992407,0.003930695429310622,0.08671224792596698,2.1629223892830906e-06,0.0011292639756135888,0.15
24.604271030765663,0.4249828632586796,0.003931920470227046,0.08376973002634688,2.1762141850888725e-06,0.0010973374740210833,0.15
24.604271030765663,0.4361666228181186,0.003933181390392315,0.08074102917869543,2.190058795356564e-06,0.001064083109393112,0.15
24.604271030765663,0.4473503823775575,0.0039344747755792634,0.0776343463078949,2.2044353011514834e-06,0.0010295511282319523,0.15
24.604271030765663,0.45853414193699643,0.00393579716101821,0.07445800374337948,2.2193212618807093e-06,0.0009937954320011018,0.15
24.604271030765663,0.4697179014964354,0.0039371450311201,0.07122044588125633,2.234692525879711e-06,0.0009568740320577059,0.15
24.604271030765663,0.4809016610558743,0.003938514810993182,0.06793025955771866,2.250522940464197e-06,0.0009188497460693463,0.15
24.604271030765663,0.49208542061531324,0.003939902850573528,0.06459621216537563,2.266783962415206e-06,0.0008797911335913482,0.15
24.604271030765663,0.5032691801747522,0.003941305402199053,0.061227305517805086,2.2834441701508154e-06,0.0008397736677929823,0.15
24.604271030765663,0.5144529397341912,0.003942718592476584,0.057832843423188375,2.300468679579007e-06,0.0007988811385432119,0.15
24.604271030765663,0.52563669929363,0.003944138389349258,0.05442251078668212,2.3178184672825933e-06,0.0007572072780867494,0.15
24.604271030765663,0.536820458853069,0.003945560565404233,0.051006461744085074,2.3354496078038264e-06,0.0007148575930565329,0.15
24.604271030765663,0.548004218412508,0.003946980658699408,0.04759541375543768,2.3533124370075882e-06,0.0006719513740518352,0.15
24.604271030765663,0.5591879779719469,0.003948393932769,0.04420074367162125,2.3713506615507124e-06,0.0006286238346794275,0.15
24.604271030765663,0.5703717375313858,0.0039497953380264175,0.040834580446077004,2.3895004461857042e-06,0.0005850283038519989,0.15
24.604271030765663,0.5815554970908248,0.003951179477548359,0.03750988732348159,2.4076895267905885e-06,0.0005413383563140796,0.15
24.604271030765663,0.5927392566502637,0.003952540581217164,0.034240523954152335,2.4258364182783104e-06,0.0004977497152981864,0.15
24.604271030765663,0.6039230162097026,0.003953872493406333,0.031041275979277697,2.4438498130453404e-06,0.0004544816975460784,0.15
24.604271030765663,0.6151067757691415,0.0039551686807615906,0.02792783634985023,2.4616282965464045e-06,0.0004117778966450407,0.15
24.604271030765663,0.6262905353285805,0.003956422268012395,0.024916719319686326,2.4790605394280877e-06,0.00036990572173178053,0.15
24.604271030765663,0.6374742948880194,0.003957626110886731,0.022025085316712385,2.4960261553764714e-06,0.0003291543372185333,0.15
24.604271030765663,0.6486580544474583,0.0039587729156829714,0.019270453752470773,2.5123974319725306e-06,0.00028983050562730124,0.15
24.604271030765663,0.6598418140068973,0.003959855414262972,0.016670282708364466,2.5280421360095644e-06,0.0002522518496219875,0.15
24.604271030765663,0.6710255735663363,0.003960866600452257,0.014241401122786428,2.5428275491804323e-06,0.00021673715872174467,0.15
24.604271030765663,0.6822093331257751,0.003961800028278374,0.011999292442338279,2.556625788215124e-06,0.00018359361074515832,0.15
24.604271030765663,0.6933930926852141,0.003962650163615458,0.009957249985787533,2.5693202935104288e-06,0.000153101186444211,0.15
24.604271030765663,0.704576852244653,0.003963412768730445,0.008125453267887887,2.5808131332891394e-06,0.00012549512505591985,0.15
24.604271030765663,0.715760611804092,0.003964085285166851,0.006510048302326041,2.591032490901514e-06,0.00010094793967771484,0.15
24.604271030765663,0.7269443713635309,0.003964667167091195,0.005112346875410645,2.5999394363043713e-06,7.955315171467576e-05,0.15
24.604271030765663,0.7381281309229699,0.003965160108873435,0.003928279852203497,2.6075329129010923e-06,6.13133116865668e-05,0.15
24.604271030765663,0.7493118904824089,0.003965568112119302,0.0029482361043742483,2.6138518918869923e-06,4.613482341084597e-05,0.15
24.604271030765663,0.7604956500418477,0.0039658973523618,0.002157382650545557,2.618973926477736e-06,3.3831415542395905e-05,0.15
24.604271030765663,0.7716794096012867,0.0039661558345263645,0.0015364921676836393,2.623009877652668e-06,2.4136809221779775e-05,0.15
24.604271030765663,0.7828631691607256,0.003966352864425683,0.0010632124161238641,2.626095284255743e-06,1.6725446282286855e-05,0.15
24.604271030765663,0.7940469287201646,0.003966498401372838,0.000713621245114008,2.6283795307790892e-06,1.1238507890314818e-05,0.15
24.604271030765663,0.8052306882796034,0.003966602382937172,0.0004638485408928768,2.6300144165939577e-06,7.311371426244164e-06,0.15
24.604271030765663,0.8164144478390425,0.003966674117924392,0.0002915343260091637,2.6311438008273976e-06,4.598484106529274e-06,0.15
24.604271030765663,0.8275982073984814,0.003966721825659482,0.00017693545474656777,2.631895665785842e-06,2.7924275256683784e-06,0.15
24.604271030765663,0.8387819669579203,0.003966752364505913,0.00010357776722517701,2.6323773267984595e-06,1.6354245585326192e-06,0.15
24.604271030765663,0.8499657265173592,0.003966771151741219,5.8448597913770903e-05,2.6326738215898085e-06,9.232089097802911e-07,0.15
24.604271030765663,0.8611494860767982,0.003966782242498432,3.180719332559301e-05,2.6328489398722544e-06,5.025526181314697e-07,0.15
24.604271030765663,0.8723332456362372,0.003966788515477271,1.6738652766175705e-05,2.6329480294713157e-06,2.6452605964665237e-07,0.15
24.604271030765663,0.883517005195676,0.003966791909346991,8.586093133366364e-06,2.633001660133364e-06,1.3569756264356558e-07,0.15
24.604271030765663,0.894700764755115,0.003966793662711948,4.374246274389195e-06,2.6330293768463433e-06,6.911784783464447e-08,0.15
24.604271030765663,0.9058845243145539,0.0039667945260684935,2.3003268912510513e-06,2.63304302907839e-06,3.6323025604929244e-08,0.15
24.604271030765663,0.9170682838739929,0.003966794930418001,1.3290120118125426e-06,2.6330494251028582e-06,2.095871282721292e-08,0.15
24.604271030765663,0.9282520434334317,0.003966795110134876,8.973008544789272e-07,2.6330522687715427e-06,1.4127726655252379e-08,0.15
24.604271030765663,0.9394358029928708,0.003966795185747421,7.156661428295525e-07,2.6330534655631942e-06,1.1252816275253128e-08,0.15
24.604271030765663,0.9506195625523097,0.003966795215777077,6.435296167710968e-07,2.633053941016368e-06,1.0110688160969587e-08,0.15
24.604271030765663,0.9618033221117486,0.003966795226999432,6.165716238023901e-07,2.633054118751002e-06,9.68373485050995e-09,0.15
24.604271030765663,0.9729870816711875,0.003966795230931763,6.071258665199001e-07,2.633054181046001e-06,9.534089882462378e-09,0.15
24.604271030765663,0.9841708412306265,0.003966795232218508,6.040354307659995e-07,2.6330542014337516e-06,9.485114597116065e-09,0.15
24.604271030765663,0.9953546007900654,0.0039667952326100375,6.030957578288006e-07,2.6330542076348616e-06,9.470218742148465e-09,0.15
24.604271030765663,1.0065383603495044,0.0039667952327201,6.028316982875406e-07,2.633054209377995e-06,9.466031561313637e-09,0.15
24.604271030765663,1.0177221199089435,0.003966795232748865,6.027635667425658e-07,2.6330542098281323e-06,9.464950876487988e-09,0.15
24.604271030765663,1.0289058794683823,0.003966795232756173,6.02747552861331e-07,2.633054209934331e-06,9.464696791870133e-09,0.15
24.604271030765663,1.0400896390278211,0.00396679523275801,6.02744156854025e-07,2.633054209957042e-06,9.464642892770292e-09,0.15
24.604271030765663,1.05127339858726,0.003966795232759829,6.027435148285632e-07,2.633054209962313e-06,9.464632699896713e-09,0.15
24.604271030765663,1.062457158146699,0.003966795232761647,6.027434082719817e-07,2.6330542099641938e-06,9.464631007677032e-09,0.15
24.604271030765663,1.073640917706138,0.003966795232763466,6.027433930581624e-07,2.633054209965497e-06,9.464630765993118e-09,0.15
24.604271030765663,1.084824677265577,0.003966795232765282,6.02743391241581e-07,2.6330542099667133e-06,9.464630737126154e-09,0.15
24.604271030765663,1.096008436825016,0.003966795232767099,6.02743391068085e-07,2.6330542099679207e-06,9.46463073436808e-09,0.15
24.604271030765663,1.1071921963844549,0.003966795232768917,6.027433910568101e-07,2.633054209969126e-06,9.46463073418947e-09,0.15
24.604271030765663,1.1183759559438937,0.0039667952327707345,6.027433910531132e-07,2.633054209970332e-06,9.464630734131416e-09,0.15
26.84102294265345,0.011183759559438938,0.003916417222304178,0.12100780858368775,2.01874579537907e-06,0.0014755688105793782,0.15
26.84102294265345,0.022367519118877875,0.003916436809845412,0.12096076222836212,2.018930529970234e-06,0.0014751251056286149,0.15
26.84102294265345,0.03355127867831681,0.003916462658672205,0.12089867704197471,2.019174409917737e-06,0.0014745393408900737,0.15
26.84102294265345,0.04473503823775575,0.003916496401370424,0.12081763170178127,2.0194929095711593e-06,0.0014737743483968534,0.15
26.84102294265345,0.055918797797194685,0.003916539968454821,0.1207129892704046,2.0199043578240796e-06,0.0014727861036741108,0.15
26.84102294265345,0.06710255735663362,0.003916595603186352,0.1205793615999484,2.0204300988272554e-06,0.0014715233396660312,0.15
26.84102294265345,0.07828631691607256,0.003916665865204749,0.12041060060018743,2.0210945548645203e-06,0.0014699273956556916,0.15
26.84102294265345,0.0894700764755115,0.003916753620186361,0.1201998230738761,2.021925166721781e-06,0.0014679323604368222,0.15
26.84102294265345,0.10065383603495043,0.003916862013337813,0.11993947437679423,2.0229521923374035e-06,0.0014654655558865555,0.15
26.84102294265345,0.11183759559438937,0.0039169944255187895,0.1196214338028156,2.0242083532492417e-06,0.0014624483861289553,0.15
26.84102294265345,0.12302135515382831,0.003917154412096532,0.11923716144779099,2.0257283298220286e-06,0.0014587975499319476,0.15
26.84102294265345,0.13420511471326724,0.003917345626155437,0.11877788265346394,2.0275481193564533e-06,0.0014544265824721957,0.15
26.84102294265345,0.1453888742727062,0.003917571729241175,0.11823480239556537,2.0297042843913353e-06,0.0014492476608716843,0.15
26.84102294265345,0.15657263383214512,0.003917836294199976,0.11759933866130981,2.032233130021453e-06,0.0014431735802580795,0.15
26.84102294265345,0.16775639339158407,0.003918142705674865,0.11686336145775039,2.0351698571602483e-06,0.0014361197876274804,0.15
26.84102294265345,0.178940152951023,0.003918494064276386,0.11601942299654804,2.0385477420974374e-06,0.0014280063525685793,0.15
26.84102294265345,0.19012391251046193,0.003918893100272123,0.11506096501709917,2.0423973908527155e-06,0.0014187597583462763,0.15
26.84102294265345,0.20130767206990086,0.003919342101849218,0.1139824911069383,2.0467461099480557e-06,0.0014083144133630698,0.15
26.84102294265345,0.2124914316293398,0.0039198428617082835,0.11277969499133322,2.051617424328575e-06,0.001396613809179527,0.15
26.84102294265345,0.22367519118877874,0.0039203966441293935,0.11144953964989764,2.057030759828467e-06,0.0013836112833016947,0.15
26.84102294265345,0.2348589507482177,0.003921004172932166,0.10999028624489451,2.0630012936160177e-06,0.0013692703784807705,0.15
26.84102294265345,0.24604271030765662,0.003921665639150267,0.10840147569487718,2.0695399631711016e-06,0.0013535648212112852,0.15
26.84102294265345,0.2572264698670956,0.00392238072592766,0.10668386888031303,2.0766536138814214e-06,0.0013364781672568636,0.15
26.84102294265345,0.2684102294265345,0.003923148647229852,0.10483935366404418,2.0843452580827587e-06,0.0013180031794752746,0.15
26.84102294265345,0.27959398898597343,0.003923968196484221,0.10287082806097125,2.0926144145368555e-06,0.0012981410124195715,0.15
26.84102294265345,0.2907777485454124,0.003924837801190582,0.10078206906458617,2.1014574966718196e-06,0.001276900279798603,0.15
26.84102294265345,0.3019615081048513,0.003925755579805993,0.09857759601053862,2.110868219799188e-06,0.0012542960763449332,0.15
26.84102294265345,0.31314526766429024,0.003926719397702267,0.0962625361655487,2.120838001191002e-06,0.0012303490168231119,0.15
26.84102294265345,0.32432902722372914,0.003927726919624566,0.09384249872046577,2.1313563315593858e-06,0.0012050843437219768,0.15
26.84102294265345,0.33551278678316815,0.003928775656747495,0.09132346175911836,2.142411101429468e-06,0.0011785311432874293,0.15
26.84102294265345,0.34669654634260705,0.003929863007064096,0.08871167524128869,2.1539888705970215e-06,0.0011507216982619586,0.15
26.84102294265345,0.357880305902046,0.00393098628840242,0.08601358169418395,2.166075072952392e-06,0.0011216909958720908,0.15
26.84102294265345,0.36906406546148496,0.0039321427638193155,0.08323575521362665,2.178654152241467e-06,0.0010914764017036886,0.15
26.84102294265345,0.38024782502092386,0.00393332965946424,0.08038485855212066,2.1917096267661253e-06,0.0010601175042639986,0.15
26.84102294265345,0.3914315845803628,0.00393454417524351,0.07746761750115588,2.2052240826496133e-06,0.0010276561311311388,0.15
26.84102294265345,0.4026153441398017,0.003935783488760176,0.07449081142504135,2.2191790962186622e-06,0.0009941365353650776,0.15
26.84102294265345,0.4137991036992407,0.003937044753078925,0.07146127862724706,2.233555086440987e-06,0.0009596057499258159,0.15
26.84102294265345,0.4249828632586796,0.003938325088886652,0.06838593517873595,2.2483310983759455e-06,0.0009241141077984189,0.15
26.84102294265345,0.4361666228181186,0.00393962157160927,0.06527180586166183,2.263484518437711e-06,0.0008877159259045653,0.15
26.84102294265345,0.4473503823775575,0.003940931214022802,0.062126065935554614,2.27899072212898e-06,0.0008504703512198983,0.15
26.84102294265345,0.45853414193699643,0.003942250944881088,0.05895609247268534,2.2948226549952907e-06,0.0008124423672963817,0.15
26.84102294265345,0.4697179014964354,0.0039435775840878096,0.05576952399334465,2.3109503481117455e-06,0.0007737039580381123,0.15
26.84102294265345,0.4809016610558743,0.003944907814988835,0.05257432701841799,2.3273403707275804e-06,0.0007343354224255602,0.15
26.84102294265345,0.49208542061531324,0.003946238154466418,0.04937886790273645,2.3439552250875324e-06,0.000694426828134208,0.15
26.84102294265345,0.5032691801747522,0.0039475649216998265,0.0461919878717269,2.3607526923169896e-06,0.0006540795827023531,0.15
26.84102294265345,0.5144529397341912,0.00394888420673911,0.04302307850697574,2.3776851440547844e-06,0.0006134080869800983,0.15
26.84102294265345,0.52563669929363,0.003950191840440161,0.0398821539637871,2.3946988427410725e-06,0.0005725414158402426,0.15
26.84102294265345,0.536820458853069,0.003951483367845153,0.03677991491240415,2.4117332646039985e-06,0.0005316249443813602,0.15
26.84102294265345,0.548004218412508,0.003952754027779333,0.033727797549283324,2.428720493816169e-06,0.0004908218032025788,0.15
26.84102294265345,0.5591879779719469,0.003953998742261263,0.03073799904002674,2.4455847540894614e-06,0.0004503140035809337,0.15
26.84102294265345,0.5703717375313858,0.003955212120252351,0.027823468516274437,2.462242164654534e-06,0.0004103030237091797,0.15
26.84102294265345,0.5815554970908248,0.003956388481234,0.02499785045404212,2.4786008296865247e-06,0.00037100959404194655,0.15
26.84102294265345,0.5927392566502637,0.003957521904919132,0.02227536527644848,2.4945613908708982e-06,0.00033267237022566003,0.15
26.84102294265345,0.6039230162097026,0.0039586063138625435,0.019670610935736424,2.5100181871054837e-06,0.00029554514773733997,0.15
26.84102294265345,0.6151067757691415,0.003959635595464149,0.017198269878200757,2.52486116612725e-06,0.0002598922704469899,0.15
26.84102294265345,0.6262905353285805,0.003960603768415499,0.01487270925393487,2.538978670807924e-06,0.00022598193825317363,0.15
26.84102294265345,0.6374742948880194,0.003961505195545781,0.012707469677233265,2.5522611676077114e-06,0.00019407725165827136,0.15
26.84102294265345,0.6486580544474583,0.0039623348398501665,0.01071465025906965,2.5646058873298345e-06,0.00016442506495540236,0.15
26.84102294265345,0.6598418140068973,0.003963088553120894,0.0089042153218944,2.575922205849143e-06,0.00013724306190044278,0.15
26.84102294265345,0.6710255735663363,0.003963763377474827,0.007283270130303197,2.5861374133204865e-06,0.00011270589809813594,0.15
26.84102294265345,0.6822093331257751,0.003964357830437489,0.005855376105251683,2.5952023297330757e-06,9.093171224939908e-05,0.15
26.84102294265345,0.6933930926852141,0.0039648721363155495,0.004619995042340394,2.603096066503446e-06,7.197068836958794e-05,0.15
26.84102294265345,0.704576852244653,0.0039653083632759,0.003572159809549948,2.609829165321903e-06,5.5797515608720326e-05,0.15
26.84102294265345,0.715760611804092,0.0039656704297759355,0.002702458854682868,2.6154444219479113e-06,4.230940865497325e-05,0.15
26.84102294265345,0.7269443713635309,0.003965963957475426,0.001997389461402882,2.6200149539123496e-06,3.133074822165687e-05,0.15
26.84102294265345,0.7381281309229699,0.0039661959697696375,0.0014400818289134467,2.6236394781526802e-06,2.262442337218593e-05,0.15
26.84102294265345,0.7493118904824089,0.003966374461708969,0.0010113320942867993,2.626435249525894e-06,1.5908792657467516e-05,0.15
26.84102294265345,0.7604956500418477,0.003966507891785502,0.0006908230504003707,2.6285295514099623e-06,1.0878123477549393e-05,0.15
26.84102294265345,0.7716794096012867,0.003966604661692139,0.0004583737745617171,2.630050897723919e-06,7.22372498063185e-06,0.15
26.84102294265345,0.7828631691607256,0.003966672651634981,0.0002950558359103642,2.631121118998938e-06,4.652957779733713e-06,0.15
26.84102294265345,0.7940469287201646,0.00396671886538562,0.0001840459189760126,2.6318492612938203e-06,2.903889407438289e-06,0.15
26.84102294265345,0.8052306882796034,0.003966749215086574,0.00011114276322177002,2.632327805489032e-06,1.7543762698258144e-06,0.15
26.84102294265345,0.8164144478390425,0.003966768448129154,6.494283988354706e-05,2.6326312440352326e-06,1.0254829169977593e-06,0.15
26.84102294265345,0.8275982073984814,0.003966780194739263,3.672607866429508e-05,2.6328166584580776e-06,5.800953371704272e-07,0.15
26.84102294265345,0.8387819669579203,0.003966787100360933,2.013789885689225e-05,2.6329257046445564e-06,3.181525704863312e-07,0.15
26.84102294265345,0.8499657265173592,0.0039667910029694544,1.0763309074383645e-05,2.6329873526511522e-06,1.7006578815964714e-07,0.15
26.84102294265345,0.8611494860767982,0.0039667931202355235,5.677336021347876e-06,2.6330208093462726e-06,8.969807347046476e-08,0.15
26.84102294265345,0.8723332456362372,0.003966794221342793,3.032312348838958e-06,2.6330382143020324e-06,4.7888781203603215e-08,0.15
26.84102294265345,0.883517005195676,0.0039667947694078665,1.7157744069668892e-06,2.633046880056328e-06,2.7072288100645545e-08,0.15
26.84102294265345,0.894700764755115,0.003966795030045253,1.0896807741133623e-06,2.6330510023508522e-06,1.7169864309015963e-08,0.15
26.84102294265345,0.9058845243145539,0.003966795148247762,8.057385426431622e-07,2.633052872407057e-06,1.2677671234791806e-08,0.15
26.84102294265345,0.9170682838739929,0.003966795199263337,6.831906697952653e-07,2.633053679742834e-06,1.0738307975831876e-08,0.15
26.84102294265345,0.9282520434334317,0.003966795220169265,6.329712899659477e-07,2.6330540106777925e-06,9.943341551845068e-09,0.15
26.84102294265345,0.9394358029928708,0.003966795228283008,6.134809258477399e-07,2.633054139151281e-06,9.634723925074744e-09,0.15
26.84102294265345,0.9506195625523097,0.003966795231256804,6.063373798684298e-07,2.633054186252137e-06,9.521578408267348e-09,0.15
26.84102294265345,0.9618033221117486,0.003966795232282696,6.038727048098814e-07,2.63305420250737e-06,9.482529814712172e-09,0.15
26.84102294265345,0.9729870816711875,0.003966795232614218,6.030751194336284e-07,2.633054207768832e-06,9.469889883814877e-09,0.15
26.84102294265345,0.9841708412306265,0.003966795232714223,6.028340407219004e-07,2.6330542093594643e-06,9.46606826094088e-09,0.15
26.84102294265345,0.9953546007900654,0.003966795232742398,6.027663050986899e-07,2.6330542098065554e-06,9.464994204021288e-09,0.15
26.84102294265345,1.0065383603495044,0.0039667952327511365,6.027487131372496e-07,2.633054209923649e-06,9.46471517749701e-09,0.15
26.84102294265345,1.0177221199089435,0.003966795232754373,6.027445177930493e-07,2.6330542099523455e-06,9.464648616494304e-09,0.15
26.84102294265345,1.0289058794683823,0.003966795232756192,6.027436063734601e-07,2.6330542099593208e-06,9.464634152383024e-09,0.15
26.84102294265345,1.0400896390278211,0.00396679523275801,6.027434277475205e-07,2.633054209961658e-06,9.464631316819908e-09,0.15
26.84102294265345,1.05127339858726,0.00396679523275983,6.027433965457147e-07,2.6330542099630625e-06,9.464630821373775e-09,0.15
26.84102294265345,1.062457158146699,0.003966795232761647,6.027433917634013e-07,2.6330542099642984e-06,9.464630745414906e-09,0.15
26.84102294265345,1.073640917706138,0.003966795232763466,6.027433911341353e-07,2.6330542099655088e-06,9.464630735417178e-09,0.15
26.84102294265345,1.084824677265577,0.003966795232765282,6.027433910657871e-07,2.633054209966715e-06,9.46463073433078e-09,0.15
26.84102294265345,1.096008436825016,0.003966795232767099,6.02743391060507e-07,2.6330542099679207e-06,9.46463073424752e-09,0.15
26.84102294265345,1.1071921963844549,0.003966795232768917,6.027433910568101e-07,2.633054209969126e-06,9.46463073418947e-09,0.15
26.84102294265345,1.1183759559438937,0.0039667952327707345,6.027433910531132e-07,2.633054209970332e-06,9.464630734131416e-09,0.15
29.077774854541232,0.011183759559438938,0.003916707240096223,0.12031122111657286,2.0214866125164933e-06,0.0014689857009377318,0.15
29.077774854541232,0.022367519118877875,0.003916800458126785,0.12008732129055329,2.0223694742035428e-06,0.0014668651611936367,0.15
29.077774854541232,0.03355127867831681,0.003916913988857709,0.11981463191289601,2.0234458735690857e-06,0.0014642797589740262,0.15
29.077774854541232,0.04473503823775575,0.003917050845588307,0.11948591512488048,2.024745074576252e-06,0.0014611592031803415,0.15
29.077774854541232,0.055918797797194685,0.003917214150311606,0.11909367195765394,2.0262976540454142e-06,0.0014574300489996262,0.15
29.077774854541232,0.06710255735663362,0.003917407066037197,0.11863030488850151,2.028134930378769e-06,0.0014530170700698935,0.15
29.077774854541232,0.07828631691607256,0.00391763272136826,0.11808829900396425,2.030288323364644e-06,0.00144784479620525,0.15
29.077774854541232,0.0894700764755115,0.003917894131192821,0.11746041249849812,2.032788677917589e-06,0.001441839137762992,0.15
29.077774854541232,0.10065383603495043,0.0039181941178718675,0.11673986598198648,2.035665588762718e-06,0.0014349290077594016,0.15
29.077774854541232,0.11183759559438937,0.003918535237411636,0.11592051981616296,2.038946763671938e-06,0.0014270478513991741,0.15
29.077774854541232,0.12302135515382831,0.003918919714772614,0.11499702950824912,2.042657459786779e-06,0.0014181350000654462,0.15
29.077774854541232,0.13420511471326724,0.003919349391726522,0.11396497096303461,2.0468200212292377e-06,0.0014081367820248472,0.15
29.077774854541232,0.1453888742727062,0.003919825689634658,0.11282092989669917,2.0514535374838096e-06,0.0013970073430472746,0.15
29.077774854541232,0.15657263383214512,0.003920349588309464,0.11156255261788703,2.0565736320763554e-06,0.0013847091540538673,0.15
29.077774854541232,0.16775639339158407,0.0039209216208986,0.11018855832271811,2.0621923811077775e-06,0.0013712132068515986,0.15
29.077774854541232,0.178940152951023,0.0039215418836273256,0.10869871569914412,2.0683183523078586e-06,0.0013564989203727975,0.15
29.077774854541232,0.19012391251046193,0.003922210058359593,0.10709378874031386,2.0749567482600724e-06,0.0013405537966883505,0.15
29.077774854541232,0.20130767206990086,0.00392292544534851,0.10537545808164402,2.082109632745746e-06,0.0013233728773589292,0.15
29.077774854541232,0.2124914316293398,0.003923687003259327,0.1035462248677884,2.089776216839684e-06,0.0013049580562534107,0.15
29.077774854541232,0.22367519118877874,0.003924493393536391,0.10160930418483809,2.0979531812282025e-06,0.0012853173053521706,0.15
29.077774854541232,0.2348589507482177,0.003925343026395544,0.09956851458684289,2.1066350127812276e-06,0.0012644638663036859,0.15
29.077774854541232,0.24604271030765662,0.003926234106090745,0.09742816936459672,2.1158143361655522e-06,0.001242415453885156,0.15
29.077774854541232,0.2572264698670956,0.00392716467355826,0.0951929741133166,2.1254822247024767e-06,0.0012191935093128698,0.15
29.077774854541232,0.2684102294265345,0.003928132645022406,0.09286793400004727,2.135628478284106e-06,0.0011948225326734192,0.15
29.077774854541232,0.27959398898597343,0.003929135845607316,0.09045827302599102,2.1462418596057575e-06,0.0011693295154766152,0.15
29.077774854541232,0.2907777485454124,0.003930172037406271,0.08796936660180377,2.1573102829991074e-06,0.0011427434870597412,0.15
29.077774854541232,0.3019615081048513,0.003931238941795392,0.08540668794865089,2.1688209526250333e-06,0.0011150951826292498,0.15
29.077774854541232,0.31314526766429024,0.003932334256034649,0.08277576821960796,2.1807604486571934e-06,0.0010864168362275212,0.15
29.077774854541232,0.32432902722372914,0.003933455664383706,0.080082169797855,2.1931147613812943e-06,0.001056742098806835,0.15
29.077774854541232,0.33551278678316815,0.003934600844074077,0.07733147194960852,2.2058692739109536e-06,0.001026106079726308,0.15
29.077774854541232,0.34669654634260705,0.00393576746654152,0.0745292678622794,2.21900869457497e-06,0.0009945455091384119,0.15
29.077774854541232,0.357880305902046,0.003936953194341911,0.07168117205076642,2.232516940064187e-06,0.0009620990186511036,0.15
29.077774854541232,0.36906406546148496,0.003938155674165521,0.06879283713599632,2.2463769702487565e-06,0.0009288075380781139,0.15
29.077774854541232,0.38024782502092386,0.003939372526338452,0.06586997906089738,2.2605705752962626e-06,0.0008947148067623211,0.15
29.077774854541232,0.3914315845803628,0.003940601331169929,0.06291840988341948,2.27507811545073e-06,0.0008598679986081315,0.15
29.077774854541232,0.4026153441398017,0.00394183961247649,0.05994407734993901,2.289878213685411e-06,0.0008243184603105996,0.15
29.077774854541232,0.4137991036992407,0.00394308481860296,0.05695311048229406,2.3049474015510314e-06,0.0007881225620097032,0.15
29.077774854541232,0.4249828632586796,0.003944334301269778,0.05395187038573316,2.320259719048442e-06,0.000751342658378309,0.15
29.077774854541232,0.4361666228181186,0.00394558529262075,0.050947005378966626,2.3357862704425346e-06,0.0007140481555399802,0.15
29.077774854541232,0.4473503823775575,0.003946834880934131,0.047945509336275144,2.351494739811429e-06,0.0006763166747053316,0.15
29.077774854541232,0.45853414193699643,0.003948079985602135,0.04495478178648733,2.36734887304525e-06,0.0006382352963995444,0.15
29.077774854541232,0.4697179014964354,0.00394931733219697,0.041982687804390635,2.383307937264617e-06,0.0005999018589329192,0.15
29.077774854541232,0.4809016610558743,0.003950543428734754,0.03903761502560354,2.3993261745358503e-06,0.0005614262705787607,0.15
29.077774854541232,0.49208542061531324,0.0039517545446341095,0.03612852418922586,2.415352274623833e-06,0.0005229317760338329,0.15
29.077774854541232,0.5032691801747522,0.003952946694351415,0.033264988448079354,2.431328901579393e-06,0.000484556093583508,0.15
29.077774854541232,0.5144529397341912,0.00395411562825461,0.030457215293157338,2.447192321255648e-06,0.0004464523098556356,0.15
29.077774854541232,0.52563669929363,0.003955256833950968,0.027716043368801787,2.4628721910935474e-06,0.0004087893848289008,0.15
29.077774854541232,0.536820458853069,0.003956365551961255,0.02505290482913829,2.4782915888395685e-06,0.00037175208295629747,0.15
29.077774854541232,0.548004218412508,0.003957436810241433,0.02247974242538271,2.493367371526302e-06,0.0003355401110324753,0.15
29.077774854541232,0.5591879779719469,0.003958465482443496,0.020008869571802385,2.50801096715742e-06,0.0003003662167407308,0.15
29.077774854541232,0.5703717375313858,0.003959446374772795,0.017652761726142673,2.5221297047959604e-06,0.00026645299399106006,0.15
29.077774854541232,0.5815554970908248,0.003960374345554573,0.015423769202049803,2.535628778456622e-06,0.00023402816588676846,0.15
29.077774854541232,0.5927392566502637,0.003961244459862022,0.013333745765620022,2.5484139097471313e-06,0.0002033181893073839,0.15
29.077774854541232,0.6039230162097026,0.003962052178475527,0.011393594765605745,2.560394717312157e-06,0.00017454016173543637,0.15
29.077774854541232,0.6151067757691415,0.0039627935758807945,0.009612745510226575,2.5714887141087834e-06,0.00014789221998155725,0.15
29.077774854541232,0.6262905353285805,0.003963465576075165,0.007998586863413126,2.5816257383880524e-06,0.00012354289705436637,0.15
29.077774854541232,0.6374742948880194,0.003964066188206107,0.006555901236311419,2.5907524921375e-06,0.00010162022077285392,0.15
29.077774854541232,0.6486580544474583,0.0039645947176515295,0.00528635755887428,2.598836734302037e-06,8.220164143244272e-05,0.15
29.077774854541232,0.6598418140068973,0.003965051923761452,0.004188132361300422,2.605870588656701e-06,6.530608589670998e-05,0.15
29.077774854541232,0.6710255735663363,0.003965440095092162,0.003255729029946673,2.6118724157626154e-06,5.0889460601512375e-05,0.15
29.077774854541232,0.6822093331257751,0.00396576301826171,0.0024800525794414514,2.6168867960503996e-06,3.884469152951617e-05,0.15
29.077774854541232,0.6933930926852141,0.003966025828158649,0.0018487694140205343,2.6209823859858107e-06,2.9006873030387254e-05,0.15
29.077774854541232,0.704576852244653,0.003966234744002474,0.001346941278436162,2.624247716775691e-06,2.1163358754390728e-05,0.15
29.077774854541232,0.715760611804092,0.003966396714568599,0.0009578774062315382,2.6267853446549498e-06,1.5067812280305335e-05,0.15
29.077774854541232,0.7269443713635309,0.003966519012251699,0.0006641095737160769,2.6287050504945337e-06,1.0456541528999922e-05,0.15
29.077774854541232,0.7381281309229699,0.003966608825028734,0.00044837221305721304,2.6301169453517706e-06,7.065059366457575e-06,0.15
29.077774854541232,0.7493118904824089,0.003966672894938082,0.0002944708070991947,2.6311253221328146e-06,4.642852265398845e-06,0.15
29.077774854541232,0.7604956500418477,0.003966717241396214,0.00018794651241634967,2.6318239080368496e-06,2.964784424654932e-06,0.15
29.077774854541232,0.7716794096012867,0.00396674699046318,0.00011648629555855652,2.632292873840049e-06,1.8382819960819315e-06,0.15
29.077774854541232,0.7828631691607256,0.0039667663118138,7.007435615259471e-05,2.6325976280940154e-06,1.106229894390347e-06,0.15
29.077774854541232,0.7940469287201646,0.003966778448528406,4.0920592692210985e-05,2.632789147860334e-06,6.461777369838999e-07,0.15
29.077774854541232,0.8052306882796034,0.0039667858142224495,2.322731020226271e-05,2.632905425425205e-06,3.668650624745972e-07,0.15
29.077774854541232,0.8164144478390425,0.003966790128560951,1.2863720904617035e-05,2.6329735566310135e-06,2.0320525728806895e-07,0.15
29.077774854541232,0.8275982073984814,0.003966792564814855,7.011512591975807e-06,2.633012041588942e-06,1.1075924061970065e-07,0.15
29.077774854541232,0.8387819669579203,0.003966793889555736,3.829298429686083e-06,2.633032974413076e-06,6.047565536080093e-08,0.15
29.077774854541232,0.8499657265173592,0.003966794582337679,2.1651338813087073e-06,2.6330439244809615e-06,3.417197978341338e-08,0.15
29.077774854541232,0.8611494860767982,0.003966794930301917,1.3292701223167481e-06,2.633049425904123e-06,2.0956714469055412e-08,0.15
29.077774854541232,0.8723332456362372,0.003966795097916367,9.266334696346175e-07,2.6330520766611635e-06,1.4589170537606406e-08,0.15
29.077774854541232,0.883517005195676,0.003966795175226776,7.409215171943738e-07,2.6330532996212507e-06,1.1651416337969703e-08,0.15
29.077774854541232,0.894700764755115,0.0039667952093115424,6.590446172583542e-07,2.633053838944013e-06,1.0355869763226941e-08,0.15
29.077774854541232,0.9058845243145539,0.0039667952236482895,6.246055624709535e-07,2.6330540658535843e-06,9.810792334860398e-09,0.15
29.077774854541232,0.9170682838739929,0.003966795229389361,6.108144590558309e-07,2.63305415674314e-06,9.592458649525389e-09,0.15
29.077774854541232,0.9282520434334317,0.003966795231573082,6.055688273220101e-07,2.6330541913232348e-06,9.50939064378779e-09,0.15
29.077774854541232,0.9394358029928708,0.003966795232359642,6.036785391490599e-07,2.633054203787332e-06,9.47944884956136e-09,0.15
29.077774854541232,0.9506195625523097,0.003966795232627374,6.030350552391377e-07,2.633054208031386e-06,9.469253527900956e-09,0.15
29.077774854541232,0.9618033221117486,0.003966795232712869,6.028287940616918e-07,2.633054209391905e-06,9.465984686544971e-09,0.15
29.077774854541232,0.9729870816711875,0.0039667952327388685,6.027667687308522e-07,2.633054209801327e-06,9.465001449373165e-09,0.15
29.077774854541232,0.9841708412306265,0.003966795232747221,6.027493440641148e-07,2.6330542099170695e-06,9.464725158629894e-09,0.15
29.077774854541232,0.9953546007900654,0.003966795232750736,6.027447932092248e-07,2.633054209948193e-06,9.464652980208338e-09,0.15
29.077774854541232,1.0065383603495044,0.003966795232752555,6.027436944792434e-07,2.63305420995635e-06,9.464635549385937e-09,0.15
29.077774854541232,1.0177221199089435,0.0039667952327543735,6.027434508965619e-07,2.633054209959098e-06,9.464631684061979e-09,0.15
29.077774854541232,1.0289058794683823,0.003966795232756192,6.027434017081147e-07,2.6330542099606163e-06,9.464630903305765e-09,0.15
29.077774854541232,1.0400896390278211,0.00396679523275801,6.027433927493973e-07,2.6330542099618792e-06,9.464630761069021e-09,0.15
29.077774854541232,1.05127339858726,0.00396679523275983,6.027433912965032e-07,2.6330542099630956e-06,9.464630737995275e-09,0.15
29.077774854541232,1.062457158146699,0.003966795232761647,6.027433910911334e-07,2.6330542099643026e-06,9.464630734732529e-09,0.15
29.077774854541232,1.073640917706138,0.003966795232763466,6.027433910679007e-07,2.633054209965509e-06,9.464630734363623e-09,0.15
29.077774854541232,1.084824677265577,0.003966795232765282,6.027433910642039e-07,2.633054209966715e-06,9.464630734305573e-09,0.15
29.077774854541232,1.096008436825016,0.003966795232767099,6.02743391060507e-07,2.6330542099679207e-06,9.46463073424752e-09,0.15
29.077774854541232,1.1071921963844549,0.003966795232768917,6.027433910568101e-07,2.633054209969126e-06,9.46463073418947e-09,0.15
29.077774854541232,1.1183759559438937,0.0039667952327707345,6.027433910531132e-07,2.633054209970332e-06,9.464630734131416e-09,0.15
31.31452676642902,0.011183759559438938,0.003917685295458093,0.11796201524880111,2.030792165678558e-06,0.001446634559300231,0.15
31.31452676642902,0.022367519118877875,0.003917942715448937,0.11734371105437433,2.033255758250097e-06,0.0014407171909772893,0.15
31.31452676642902,0.03355127867831681,0.003918235792059279,0.11663976103726659,2.036067833474898e-06,0.0014339627817804574,0.15
31.31452676642902,0.04473503823775575,0.003918566653948723,0.11584505205710417,2.0392516887061042e-06,0.0014263153707902577,0.15
31.31452676642902,0.055918797797194685,0.003918937135134233,0.1149551786839967,2.0428283958579892e-06,0.001417724342410076,0.15
31.31452676642902,0.06710255735663362,0.003919348736636237,0.11396653533092103,2.0468164575204525e-06,0.0014081452524188477,0.15
31.31452676642902,0.07828631691607256,0.003919802600282056,0.11287637918119674,2.0512315621842694e-06,0.0013975404159615678,0.15
31.31452676642902,0.0894700764755115,0.003920299495262197,0.11168286248683515,2.056086443482679e-06,0.001385879245694716,0.15
31.31452676642902,0.10065383603495043,0.003920839817145821,0.11038503493768878,2.0613908411377864e-06,0.001373138345633398,0.15
31.31452676642902,0.11183759559438937,0.003921423598291753,0.10898281865958867,2.0671515550436497e-06,0.001359301381280435,0.15
31.31452676642902,0.12302135515382831,0.003922050527990207,0.10747695983676342,2.0733725791062294e-06,0.0013443587581723586,0.15
31.31452676642902,0.13420511471326724,0.0039227199802839684,0.10586896188831557,2.080055298341629e-06,0.0013283071484724745,0.15
31.31452676642902,0.1453888742727062,0.003923431047240251,0.10416100555140934,2.087198731307192e-06,0.0013111489086671893,0.15
31.31452676642902,0.15657263383214512,0.00392418257546013,0.10235586118622976,2.09479980002078e-06,0.001292891431228428,0.15
31.31452676642902,0.16775639339158407,0.003924973203782442,0.10045679821187253,2.102853610797828e-06,0.0012735464700457506,0.15
31.31452676642902,0.178940152951023,0.003925801400413665,0.09846749591957911,2.111353731533524e-06,0.00125312947439158,0.15
31.31452676642902,0.19012391251046193,0.003926665498052433,0.0963919591031949,2.120292453513e-06,0.001231658960046374,0.15
31.31452676642902,0.20130767206990086,0.003927563725930275,0.09423444109580394,2.1296610285235326e-06,0.0012091559397448622,0.15
31.31452676642902,0.2124914316293398,0.003928494238030973,0.09199937598535443,2.1394498746183854e-06,0.0011856434289189456,0.15
31.31452676642902,0.22367519118877874,0.0039294551370532135,0.08969132105496781,2.1496487461679117e-06,0.0011611460372213285,0.15
31.31452676642902,0.2348589507482177,0.0039304444939334115,0.08731490988719637,2.160246865729424e-06,0.0011356896517594373,0.15
31.31452676642902,0.24604271030765662,0.003931460362943408,0.08487481609794946,2.1712330167338935e-06,0.0011093012144472968,0.15
31.31452676642902,0.2572264698670956,0.003932500792520177,0.08237572732203433,2.182595597032717e-06,0.0010820085933714975,0.15
31.31452676642902,0.2684102294265345,0.003933563832079053,0.07982232884603215,2.194322634009781e-06,0.0010538405464773283,0.15
31.31452676642902,0.27959398898597343,0.003934647535115532,0.07721929615678222,2.2064017623023454e-06,0.0010248267750691846,0.15
31.31452676642902,0.2907777485454124,0.003935749958920109,0.0745712956247536,2.218820165252451e-06,0.0009949980644301697,0.15
31.31452676642902,0.3019615081048513,0.0039368691612282946,0.07188299254996619,2.231564481101001e-06,0.000964386509130433,0.15
31.31452676642902,0.31314526766429024,0.003938003194107321,0.06915906584478612,2.2446206747026103e-06,0.0009330258211543439,0.15
31.31452676642902,0.32432902722372914,0.003939150095354066,0.06640422869534478,2.257973875248937e-06,0.0009009517196756181,0.15
31.31452676642902,0.33551278678316815,0.003940307877647831,0.06362325461603005,2.2716081802031338e-06,0.0008682024019933799,0.15
31.31452676642902,0.34669654634260705,0.003941474515674399,0.06082100837590868,2.285506425433735e-06,0.0008348190956563971,0.15
31.31452676642902,0.357880305902046,0.003942647931421447,0.05800248131914466,2.299649921465185e-06,0.0008008466919759909,0.15
31.31452676642902,0.36906406546148496,0.003943825977839285,0.05517283061090676,2.3140181559119933e-06,0.0007663344607653068,0.15
31.31452676642902,0.38024782502092386,0.003945006421078205,0.05233742190297345,2.3285884626344627e-06,0.0007313368450140902,0.15
31.31452676642902,0.3914315845803628,0.003946186921553595,0.04950187481467574,2.3433356590598475e-06,0.0006959143320306246,0.15
31.31452676642902,0.4026153441398017,0.003947365014163811,0.046672110448746716,2.358231654598212e-06,0.0006601343940155237,0.15
31.31452676642902,0.4137991036992407,0.003948538088099976,0.0438543998897297,2.373245035315445e-06,0.0006240724856697435,0.15
31.31452676642902,0.4249828632586796,0.003949703366844967,0.041055412244842056,2.388340633197326e-06,0.0005878130788167532,0.15
31.31452676642902,0.4361666228181186,0.003950857889181639,0.0382822602632902,2.4034790926640653e-06,0.0005514507036363197,0.15
31.31452676642902,0.4473503823775575,0.0039519984923092315,0.03554254089222283,2.4186164526647925e-06,0.0005150909524834222,0.15
31.31452676642902,0.45853414193699643,0.0039531217985177185,0.03284436728567919,2.4337037698545725e-06,0.00047885138503720137,0.15
31.31452676642902,0.4697179014964354,0.00395422420728806,0.030196387782334338,2.4486868170669066e-06,0.00044286225260521737,0.15
31.31452676642902,0.4809016610558743,0.003955301895154147,0.027607786241039243,2.4635059013593964e-06,0.00040726693523153245,0.15
31.31452676642902,0.49208542061531324,0.0039563508261520565,0.02508825694554482,2.4780958567946535e-06,0.0003722219591119741,0.15
31.31452676642902,0.5032691801747522,0.003957366776137854,0.022647946198829413,2.4923862777589624e-06,0.00033789643626336784,0.15
31.31452676642902,0.5144529397341912,0.003958345374580932,0.02029735194367859,2.506302067230266e-06,0.0003044707477125805,0.15
31.31452676642902,0.52563669929363,0.003959282167503087,0.01804717258913025,2.5197643783260287e-06,0.0002721342820520254,0.15
31.31452676642902,0.536820458853069,0.003960172704867076,0.015908097113857534,2.5326920231209287e-06,0.00024108205163796755,0.15
31.31452676642902,0.548004218412508,0.003961012654698293,0.013890530955200686,2.545003405834555e-06,0.0002115100492641482,0.15
31.31452676642902,0.5591879779719469,0.003961797944358988,0.012004256677314145,2.5566190036996664e-06,0.0001836092893039286,0.15
31.31452676642902,0.5703717375313858,0.003962524926521813,0.010258035310825904,2.5674643648588655e-06,0.00015755860692532583,0.15
31.31452676642902,0.5815554970908248,0.0039631905635001815,0.008659163595759509,2.5774735181032175e-06,0.00013351646800725315,0.15
31.31452676642902,0.5927392566502637,0.003963792618926051,0.007213013570932082,2.5865925987629653e-06,0.00011161225977276976,0.15
31.31452676642902,0.6039230162097026,0.003964329840900198,0.005922592640922235,2.594783400068444e-06,9.193776032937223e-05,0.15
31.31452676642902,0.6151067757691415,0.003964802116638337,0.004788172102547121,2.6020264787521673e-06,7.453967878940152e-05,0.15
31.31452676642902,0.6262905353285805,0.003965210576561061,0.00380703710051374,2.608323401963056e-06,5.941425782679374e-05,0.15
31.31452676642902,0.6374742948880194,0.003965557627021249,0.00297340798989437,2.6136977441738983e-06,4.6504878642184665e-05,0.15
31.31452676642902,0.6486580544474583,0.003965846896339699,0.0022785699288580684,2.618194543798663e-06,3.5703365647288645e-05,0.15
31.31452676642902,0.6598418140068973,0.003966083088555706,0.0017112241419577757,2.621878108341146e-06,2.6855257990024346e-05,0.15
31.31452676642902,0.6710255735663363,0.003966271752083324,0.0012580435841751667,2.6248282894639334e-06,1.9768756419356057e-05,0.15
31.31452676642902,0.6822093331257751,0.003966418983873102,0.0009043835298353716,2.6271355892803476e-06,1.4226477707196902e-05,0.15
31.31452676642902,0.6933930926852141,0.00396653110058724,0.0006350714065104825,2.628895649848119e-06,9.998690812847278e-06,0.15
31.31452676642902,0.704576852244653,0.003966614313834176,0.00043518688924870587,2.6302037699581224e-06,6.856487678783356e-06,0.15
31.31452676642902,0.715760611804092,0.003966674445076162,0.00029074670979000724,2.6311500623194223e-06,4.583415953609675e-06,0.15
31.31452676642902,0.7269443713635309,0.0039667167077291525,0.0001892280751940475,2.631815719746623e-06,2.9844479886857297e-06,0.15
31.31452676642902,0.7381281309229699,0.0039667455713752915,0.00011989485480533356,2.6322706413062015e-06,1.891683240691859e-06,0.15
31.31452676642902,0.7493118904824089,0.003966764709139178,7.392400369941624e-05,2.632572434998578e-06,1.1667441973944767e-06,0.15
31.31452676642902,0.7604956500418477,0.003966777017361397,4.435832533983126e-05,2.6327666158372016e-06,7.00300880763421e-07,0.15
31.31452676642902,0.7716794096012867,0.003966784688942328,2.593031032487975e-05,2.6328876920838724e-06,4.0946189783285416e-07,0.15
31.31452676642902,0.7828631691607256,0.00396678931888834,1.4808620666722793e-05,2.632960788036995e-06,2.3387659531747812e-07,0.15
31.31452676642902,0.7940469287201646,0.0039667920220507365,8.315280812794302e-06,2.633003477419511e-06,1.313312735507171e-07,0.15
31.31452676642902,0.8052306882796034,0.0039667935473608204,4.651282342377148e-06,2.6330275724700805e-06,7.345174740016105e-08,0.15
31.31452676642902,0.8164144478390425,0.003966794378346923,2.655137570571563e-06,2.63304070293596e-06,4.191053382777514e-08,0.15
31.31452676642902,0.8275982073984814,0.003966794814972068,1.6063002949392083e-06,2.633047603879139e-06,2.5333460968458965e-08,0.15
31.31452676642902,0.8387819669579203,0.003966795035974904,1.0754180220999607e-06,2.6330510977650357e-06,1.6940615363347666e-08,0.15
31.31452676642902,0.8499657265173592,0.003966795143600658,8.168843063216945e-07,2.633052799674676e-06,1.2852359066899875e-08,0.15
31.31452676642902,0.8611494860767982,0.003966795193959255,6.959150909775592e-07,2.6330535962045615e-06,1.0938963479014618e-08,0.15
31.31452676642902,0.8723332456362372,0.0039667952165654856,6.416112497963682e-07,2.633053953860081e-06,1.0079813985450406e-08,0.15
31.31452676642902,0.883517005195676,0.003966795226285823,6.182612648378693e-07,2.6330541076852957e-06,9.710298604129894e-09,0.15
31.31452676642902,0.894700764755115,0.003966795230282158,6.086610501087683e-07,2.6330541709450544e-06,9.558336912723732e-09,0.15
31.31452676642902,0.9058845243145539,0.0039667952318500664,6.048942019436193e-07,2.6330541957723172e-06,9.498696845185871e-09,0.15
31.31452676642902,0.9170682838739929,0.00396679523243593,6.034866693417735e-07,2.6330542050515937e-06,9.476406081816484e-09,0.15
31.31452676642902,0.9282520434334317,0.003966795232644298,6.029869743603079e-07,2.63305420834693e-06,9.468490595554953e-09,0.15
31.31452676642902,0.9394358029928708,0.003966795232713972,6.028188668451025e-07,2.6330542094555293e-06,9.465827016573644e-09,0.15
31.31452676642902,0.9506195625523097,0.0039667952327364685,6.0276543001667e-07,2.6330542098082436e-06,9.464980131046996e-09,0.15
31.31452676642902,0.9618033221117486,0.003966795232743607,6.027494328676142e-07,2.63305420991412e-06,9.464726541113814e-09,0.15
31.31452676642902,0.9729870816711875,0.003966795232747099,6.027449394254355e-07,2.6330542099448573e-06,9.46465529292909e-09,0.15
31.31452676642902,0.9841708412306265,0.003966795232748918,6.027437601778033e-07,2.633054209953522e-06,9.464636590208106e-09,0.15
31.31452676642902,0.9953546007900654,0.003966795232750737,6.027434724449663e-07,2.6330542099565484e-06,9.464632025696362e-09,0.15
31.31452676642902,1.0065383603495044,0.0039667952327525555,6.02743407545306e-07,2.6330542099581654e-06,9.464630995897127e-09,0.15
31.31452676642902,1.0177221199089435,0.0039667952327543735,6.0274339410528e-07,2.6330542099594576e-06,9.464630782584786e-09,0.15
31.31452676642902,1.0289058794683823,0.003966795232756192,6.027433915714313e-07,2.63305420996068e-06,9.464630742358987e-09,0.15
31.31452676642902,1.0400896390278211,0.00396679523275801,6.027433911419765e-07,2.63305420996189e-06,9.464630735539139e-09,0.15
31.31452676642902,1.05127339858726,0.00396679523275983,6.027433910789755e-07,2.633054209963097e-06,9.464630734538333e-09,0.15
31.31452676642902,1.062457158146699,0.003966795232761647,6.027433910715976e-07,2.6330542099643026e-06,9.464630734421676e-09,0.15
31.31452676642902,1.073640917706138,0.003966795232763466,6.027433910679007e-07,2.633054209965509e-06,9.464630734363623e-09,0.15
31.31452676642902,1.084824677265577,0.003966795232765282,6.027433910642039e-07,2.633054209966715e-06,9.464630734305573e-09,0.15
31.31452676642902,1.096008436825016,0.003966795232767099,6.02743391060507e-07,2.6330542099679207e-06,9.46463073424752e-09,0.15
31.31452676642902,1.1071921963844549,0.003966795232768917,6.027433910568101e-07,2.633054209969126e-06,9.46463073418947e-09,0.15
31.31452676642902,1.1183759559438937,0.0039667952327707345,6.027433910531132e-07,2.633054209970332e-06,9.464630734131416e-09,0.15
33.551278678316805,0.011183759559438938,0.003919775192751257,0.11294220167688021,2.050967183948603e-06,0.0013981753500665935,0.15
33.551278678316805,0.022367519118877875,0.003920247587650065,0.11180753221071937,2.0555812866785695e-06,0.0013870925096453692,0.15
33.551278678316805,0.03355127867831681,0.003920759417060521,0.11057814155237132,2.0606032072555275e-06,0.0013750300982357923,0.15
33.551278678316805,0.04473503823775575,0.0039213106700799515,0.10925405576511629,2.06603840361086e-06,0.0013619750049138108,0.15
33.551278678316805,0.055918797797194685,0.003921901048089359,0.10783599201358919,2.071889965348666e-06,0.0013479198075218117,0.15
33.551278678316805,0.06710255735663362,0.003922529988509042,0.10632530150479265,2.078158785389486e-06,0.0013328623603982752,0.15
33.551278678316805,0.07828631691607256,0.003923196692722444,0.10472390241678872,2.084843766653479e-06,0.0013168052979372982,0.15
33.551278678316805,0.0894700764755115,0.003923900156465227,0.10303420690443026,2.091942050001553e-06,0.0012997554870807287,0.15
33.551278678316805,0.10065383603495043,0.003924639201113529,0.10125904594581357,2.0994492506896317e-06,0.0012817234593576086,0.15
33.551278678316805,0.11183759559438937,0.0039254125045144,0.09940159528689604,2.1073596922099357e-06,0.0012627228491953642,0.15
33.551278678316805,0.12302135515382831,0.003926218630255971,0.09746530513401376,2.1156666283388077e-06,0.0012427698605559279,0.15
33.551278678316805,0.13420511471326724,0.00392705605454001,0.09545383560495282,2.1243624462528434e-06,0.0012218827790431745,0.15
33.551278678316805,0.1453888742727062,0.003927923190076117,0.09337099933428042,2.133438845537638e-06,0.001200081541914783,0.15
33.551278678316805,0.15657263383214512,0.0039288184066456995,0.09122071207691336,2.142886989669303e-06,0.0011773873742129187,0.15
33.551278678316805,0.16775639339158407,0.003929740048178927,0.08900695168865508,2.152697628025236e-06,0.001153822495683695,0.15
33.551278678316805,0.178940152951023,0.003930686446339717,0.08673372549319913,2.1628611876435756e-06,0.001129409900359342,0.15
33.551278678316805,0.19012391251046193,0.003931655930729621,0.08440504577156675,2.173367834803746e-06,0.001104173208630729,0.15
33.551278678316805,0.20130767206990086,0.003932646835897433,0.08202491292358939,2.1842075070661855e-06,0.00107813659027672,0.15
33.551278678316805,0.2124914316293398,0.003933657505388647,0.07959730574035749,2.1953699167263285e-06,0.0010513247561571167,0.15
33.551278678316805,0.22367519118877874,0.003934686293088552,0.07712617817677031,2.2068445267506268e-06,0.001023763016003666,0.15
33.551278678316805,0.2348589507482177,0.003935731562115051,0.07461546201049199,2.2186205002176664e-06,0.000995477399852495,0.15
33.551278678316805,0.24604271030765662,0.003936791681503312,0.07206907480402198,2.230686624128273e-06,0.0009664948410418758,0.15
33.551278678316805,0.2572264698670956,0.003937865020904651,0.06949093263802625,2.2430312082201317e-06,0.0009368434192499953,0.15
33.551278678316805,0.2684102294265345,0.003938949943494133,0.06688496714619742,2.255641959159292e-06,0.0009065526626768119,0.15
33.551278678316805,0.27959398898597343,0.003940044797256589,0.06425514644536051,2.2685058302254308e-06,0.0008756539090898721,0.15
33.551278678316805,0.2907777485454124,0.003941147904796558,0.06160549961152888,2.281608846393331e-06,0.0008441807259684855,0.15
33.551278678316805,0.3019615081048513,0.003942257551799639,0.05894014439574016,2.294935904581332e-06,0.0008121693902969531,0.15
33.551278678316805,0.31314526766429024,0.003943371974262802,0.05626331789564353,2.3084705488334943e-06,0.000779659428566162,0.15
33.551278678316805,0.32432902722372914,0.0039444893446154115,0.05357940989270191,2.322194720380835e-06,0.0007466942171162729,0.15
33.551278678316805,0.33551278678316815,0.003945607756868903,0.05089299852209699,2.33608848295186e-06,0.000713321641930533,0.15
33.551278678316805,0.34669654634260705,0.003946725210971181,0.04820888785370304,2.3501297244572673e-06,0.0006795948151793901,0.15
33.551278678316805,0.357880305902046,0.003947839596600943,0.0455321468167945,2.3642938373536464e-06,0.0006455728429778414,0.15
33.551278678316805,0.36906406546148496,0.003948948676729195,0.04286814868604778,2.3785533817163347e-06,0.0006113216346784978,0.15
33.551278678316805,0.38024782502092386,0.003950050071396731,0.04022261004825077,2.392877737449168e-06,0.0005769147382603875,0.15
33.551278678316805,0.3914315845803628,0.003951141242321962,0.037601627774069606,2.4072327552754034e-06,0.0005424341786493768,0.15
33.551278678316805,0.4026153441398017,0.003952219479164139,0.03501171201522636,2.4215804203217352e-06,0.0005079712657968756,0.15
33.551278678316805,0.4137991036992407,0.003953281888523192,0.03245981262743423,2.435878547327075e-06,0.0004736273268033151,0.15
33.551278678316805,0.4249828632586796,0.003954325387064666,0.029953335686547154,2.4500805328100648e-06,0.00043951430123813145,0.15
33.551278678316805,0.4361666228181186,0.003955346700499956,0.027500145940195096,2.4641351967975214e-06,0.0004057551213474072,0.15
33.551278678316805,0.4473503823775575,0.003956342370515528,0.02510855016789711,2.4779867546161003e-06,0.00037248377986656657,0.15
33.551278678316805,0.45853414193699643,0.003957308772086406,0.022787255597022712,2.4915749671054496e-06,0.00033984496928225337,0.15
33.551278678316805,0.4697179014964354,0.003958242143879342,0.020545296880881605,2.5048355243008096e-06,0.00030799316032266926,0.15
33.551278678316805,0.4809016610558743,0.0039591386345517714,0.01839192489405933,2.517700721459445e-06,0.00027709097825766174,0.15
33.551278678316805,0.49208542061531324,0.003959994367584125,0.016336451012807954,2.5301004849800796e-06,0.0002473067387753674,0.15
33.551278678316805,0.5032691801747522,0.003960805526694306,0.014388041956610281,2.5419637964601175e-06,0.00021881102754444333,0.15
33.551278678316805,0.5144529397341912,0.003961568462737459,0.01255546302273012,2.5532205428319953e-06,0.00019177225633804277,0.15
33.551278678316805,0.52563669929363,0.003962279821161083,0.010846771946237942,2.5638037866148835e-06,0.00016635121002946435,0.15
33.551278678316805,0.536820458853069,0.003962936686515942,0.009268971788466668,2.5736524016514925e-06,0.00014269471566082106,0.15
33.551278678316805,0.548004218412508,0.003963536737304807,0.007827638993802597,2.582713957856576e-06,0.00012092871333403395,0.15
33.551278678316805,0.5591879779719469,0.00396407840086306,0.006526551363468683,2.590947669143939e-06,0.00010115117526973827,0.15
33.551278678316805,0.5703717375313858,0.003964560994561573,0.0053673488790612345,2.5983271524157267e-06,8.342547860079732e-05,0.15
33.551278678316805,0.5815554970908248,0.003964984837168332,0.004349266199001883,2.604842697395969e-06,6.777495301509188e-05,0.15
33.551278678316805,0.5927392566502637,0.0039653513136180315,0.003468977064335346,2.6105027345037028e-06,5.417935461135337e-05,0.15
33.551278678316805,0.6039230162097026,0.00396566287853363,0.0027205858177844354,2.6153342259908453e-06,4.257392600141936e-05,0.15
33.551278678316805,0.6151067757691415,0.003965922989048986,0.002095788740773221,2.619381801248355e-06,3.2851472891680303e-05,0.15
33.551278678316805,0.6262905353285805,0.003966135965522889,0.001584208596500163,2.6227056041010132e-06,2.486753449266347e-05,0.15
33.551278678316805,0.6374742948880194,0.0039663067884910305,0.0011738823339610001,2.6253779959628725e-06,1.8448302231592577e-05,0.15
33.551278678316805,0.6486580544474583,0.003966440849807493,0.000851858836197217,2.6274794291521903e-06,1.3400531867215665e-05,0.15
33.551278678316805,0.6598418140068973,0.003966543683209265,0.0006048461028430801,2.6290939307144106e-06,9.522391312916975e-06,0.15
33.551278678316805,0.6710255735663363,0.003966620702666164,0.0004198397406830049,2.6303046878795016e-06,6.61406447952949e-06,0.15
33.551278678316805,0.6822093331257751,0.0039666769749894994,0.00028466917118375856,2.6311901892350324e-06,4.487020405370613e-06,0.15
33.551278678316805,0.6933930926852141,0.003966717046704286,0.00018841350210765912,2.6318212611772784e-06,2.9711319997917674e-06,0.15
33.551278678316805,0.704576852244653,0.003966744835752433,0.00012166167498697998,2.632259176921993e-06,1.919218516303509e-06,0.15
33.551278678316805,0.715760611804092,0.003966763588448722,7.661587496313052e-05,2.6325548443217756e-06,1.2089967057737428e-06,0.15
33.551278678316805,0.7269443713635309,0.003966775893428097,4.7058043498217075e-05,2.6327489349786683e-06,7.427709185073187e-07,0.15
33.551278678316805,0.7381281309229699,0.003966783738600075,2.8213082657174243e-05,2.632872724151849e-06,4.4541580123683654e-07,0.15
33.551278678316805,0.7493118904824089,0.003966788594880552,1.654773688053114e-05,2.6329493757766283e-06,2.612897634408113e-07,0.15
33.551278678316805,0.7604956500418477,0.003966791511314281,9.54210934335525e-06,2.6329954220316593e-06,1.5068107579153136e-07,0.15
33.551278678316805,0.7716794096012867,0.003966793209173094,5.463636419630648e-06,2.6330222359305583e-06,8.6270679777965e-08,0.15
33.551278678316805,0.7828631691607256,0.003966794166561709,3.1638615099889507e-06,2.6330373596082536e-06,4.9941592592512444e-08,0.15
33.551278678316805,0.7940469287201646,0.003966794688989378,1.908917685216335e-06,2.6330456143334228e-06,3.011259522087534e-08,0.15
33.551278678316805,0.8052306882796034,0.003966794964604769,1.246849668703734e-06,2.6330499703045908e-06,1.964892143483961e-08,0.15
33.551278678316805,0.8164144478390425,0.003966795105040988,9.095009269770254e-07,2.6330521903615783e-06,1.4316010103794632e-08,0.15
33.551278678316805,0.8275982073984814,0.003966795174077586,7.436646062321326e-07,2.6330532819687495e-06,1.1693799072695614e-08,0.15
33.551278678316805,0.8387819669579203,0.003966795206780963,6.65106030333067e-07,2.633053799195908e-06,1.0451335655984374e-08,0.15
33.551278678316805,0.8499657265173592,0.0039667952216905136,6.292906489131195e-07,2.633054035057714e-06,9.884755875012757e-09,0.15
33.551278678316805,0.8611494860767982,0.00396679522822327,6.135974703981297e-07,2.633054138428686e-06,9.636440595261368e-09,0.15
33.551278678316805,0.8723332456362372,0.003966795230970129,6.069985905849174e-07,2.6330541819054002e-06,9.532001428887337e-09,0.15
33.551278678316805,0.883517005195676,0.0039667952320766335,6.043400516142492e-07,2.633054199425098e-06,9.489915539538858e-09,0.15
33.551278678316805,0.894700764755115,0.003966795232503208,6.033156736095513e-07,2.6330542061774034e-06,9.473695432903117e-09,0.15
33.551278678316805,0.9058845243145539,0.003966795232659464,6.029389012631514e-07,2.6330542086610814e-06,9.467728211215954e-09,0.15
33.551278678316805,0.9170682838739929,0.003966795232714469,6.02806901909608e-07,2.633054209531587e-06,9.46563716135814e-09,0.15
33.551278678316805,0.9282520434334317,0.003966795232733206,6.027629565546612e-07,2.6330542098217427e-06,9.464940847947169e-09,0.15
33.551278678316805,0.9394358029928708,0.003966795232740346,6.027490901950356e-07,2.6330542099141337e-06,9.464721085621086e-09,0.15
33.551278678316805,0.9506195625523097,0.003966795232743461,6.027449554814463e-07,2.6330542099423454e-06,9.464655541302359e-09,0.15
33.551278678316805,0.9618033221117486,0.00396679523274528,6.02743794228362e-07,2.6330542099508932e-06,9.46463712869798e-09,0.15
33.551278678316805,0.9729870816711875,0.0039667952327471,6.027434881877811e-07,2.633054209954036e-06,9.464632275075257e-09,0.15
33.551278678316805,0.9841708412306265,0.003966795232748918,6.027434128284337e-07,2.6330542099557196e-06,9.464631079648907e-09,0.15
33.551278678316805,0.9953546007900654,0.003966795232750737,6.027433955767631e-07,2.633054209957035e-06,9.46463080592302e-09,0.15
33.551278678316805,1.0065383603495044,0.0039667952327525555,6.027433919272022e-07,2.633054209958265e-06,9.464630748003376e-09,0.15
33.551278678316805,1.0177221199089435,0.0039667952327543735,6.02743391219673e-07,2.633054209959476e-06,9.464630736771734e-09,0.15
33.551278678316805,1.0289058794683823,0.003966795232756192,6.027433910963384e-07,2.6330542099606832e-06,9.46463073481307e-09,0.15
33.551278678316805,1.0400896390278211,0.00396679523275801,6.027433910789913e-07,2.63305420996189e-06,9.464630734537779e-09,0.15
33.551278678316805,1.05127339858726,0.00396679523275983,6.027433910752944e-07,2.633054209963097e-06,9.464630734479729e-09,0.15
33.551278678316805,1.062457158146699,0.003966795232761647,6.027433910715976e-07,2.6330542099643026e-06,9.464630734421676e-09,0.15
33.551278678316805,1.073640917706138,0.003966795232763466,6.027433910679007e-07,2.633054209965509e-06,9.464630734363623e-09,0.15
33.551278678316805,1.084824677265577,0.003966795232765282,6.027433910642039e-07,2.633054209966715e-06,9.464630734305573e-09,0.15
33.551278678316805,1.096008436825016,0.003966795232767099,6.02743391060507e-07,2.6330542099679207e-06,9.46463073424752e-09,0.15
33.551278678316805,1.1071921963844549,0.003966795232768917,6.027433910568101e-07,2.633054209969126e-06,9.46463073418947e-09,0.15
33.551278678316805,1.1183759559438937,0.0039667952327707345,6.027433910531132e-07,2.633054209970332e-06,9.464630734131416e-09,0.15
35.78803059020459,0.011183759559438938,0.0039229810083040864,0.10524195618741919,2.0826806247339265e-06,0.0013220009554893513,0.15
35.78803059020459,0.022367519118877875,0.003923642014743713,0.10365424135852362,2.089336191846883e-06,0.0013060145284450268,0.15
35.78803059020459,0.03355127867831681,0.003924335582641064,0.10198831383611882,2.096363426594304e-06,0.001289135358211328,0.15
35.78803059020459,0.04473503823775575,0.003925060559161573,0.10024694267240644,2.1037572704539816e-06,0.001271375594891614,0.15
35.78803059020459,0.055918797797194685,0.0039258156937973954,0.09843313153949383,2.111511754784127e-06,0.0012527495747622112,0.15
35.78803059020459,0.06710255735663362,0.003926599661120843,0.09655006407502838,2.1196201756908426e-06,0.0012332734002350515,0.15
35.78803059020459,0.07828631691607256,0.003927411081179069,0.0946010548931837,2.128075250001971e-06,0.001212964565201293,0.15
35.78803059020459,0.0894700764755115,0.003928248537242411,0.09258950695236552,2.136869249609982e-06,0.001191841632331765,0.15
35.78803059020459,0.10065383603495043,0.003929110590769343,0.09051887560817537,2.1459941126108756e-06,0.0011699239661126235,0.15
35.78803059020459,0.11183759559438937,0.003929995793573147,0.08839263938826082,2.1554415305999537e-06,0.001147231523152252,0.15
35.78803059020459,0.12302135515382831,0.003930902697266584,0.08621427730503567,2.1652030121853723e-06,0.0011237846996128267,0.15
35.78803059020459,0.13420511471326724,0.0039318298601257965,0.08398725236770306,2.1752699232641896e-06,0.0010996042344586878,0.15
35.78803059020459,0.1453888742727062,0.003932775851554601,0.08171500085859254,2.1856335048960315e-06,0.0010747111665156861,0.15
35.78803059020459,0.15657263383214512,0.0039337392543498636,0.07940092689017353,2.196284869740008e-06,0.0010491268430212056,0.15
35.78803059020459,0.16775639339158407,0.003934718664974748,0.07704840174854047,2.207214978022566e-06,0.0010228729773418827,0.15
35.78803059020459,0.178940152951023,0.003935712692037616,0.07466076754631035,2.2184145939084912e-06,0.000995971753762758,0.15
35.78803059020459,0.19012391251046193,0.003936719953160277,0.07224134474444464,2.2298742229848337e-06,0.0009684459776434279,0.15
35.78803059020459,0.20130767206990086,0.00393773907039902,0.06979344315048133,2.2415840313635047e-06,0.0009403192697262344,0.15
35.78803059020459,0.2124914316293398,0.003938768664359529,0.06732037605381508,2.2535337466865866e-06,0.0009116163039140004,0.15
35.78803059020459,0.22367519118877874,0.003939807347125249,0.06482547721131454,2.265712541102174e-06,0.0008823630883545544,0.15
35.78803059020459,0.2348589507482177,0.003940853714098812,0.06231212044426189,2.2781088960881337e-06,0.0008525872901267244,0.15
35.78803059020459,0.24604271030765662,0.003941906334839387,0.05978374164576317,2.2907104488607923e-06,0.0008223186041583174,0.15
35.78803059020459,0.2572264698670956,0.0039429637429704,0.057243863022774295,2.303503820041305e-06,0.0007915891671639445,0.15
35.78803059020459,0.2684102294265345,0.003944024425226725,0.054696119403944796,2.316474422293152e-06,0.0007604340172893835,0.15
35.78803059020459,0.27959398898597343,0.003945086809718682,0.0521442864292936,2.329606249830654e-06,0.0007288915997040505,0.15
35.78803059020459,0.2907777485454124,0.003946149253507174,0.04959231039452468,2.3428816490742592e-06,0.0006970043174790882,0.15
35.78803059020459,0.3019615081048513,0.003947210029616902,0.04704433944507572,2.356281071353404e-06,0.0006648191255876467,0.15
35.78803059020459,0.31314526766429024,0.003948267313664254,0.04450475569513802,2.3697828095005054e-06,0.0006323881635991594,0.15
35.78803059020459,0.32432902722372914,0.003949319170348736,0.041978207676077677,2.3833627215235923e-06,0.0005997694194131823,0.15
35.78803059020459,0.33551278678316815,0.00395036354015098,0.03946964228734063,2.3969939463799243e-06,0.0005670274119681055,0.15
35.78803059020459,0.34669654634260705,0.003951398226708232,0.036984335121249975,2.4106466193021007e-06,0.0005342338750287329,0.15
35.78803059020459,0.357880305902046,0.003952420885494969,0.03452791765281839,2.424287597239038e-06,0.0005014684166824122,0.15
35.78803059020459,0.36906406546148496,0.003953429014629653,0.03210639932146818,2.437880208842631e-06,0.00046881911988178287,0.15
35.78803059020459,0.38024782502092386,0.003954419948858515,0.029726181985320725,2.4513840480769607e-06,0.0004363830382162903,0.15
35.78803059020459,0.3914315845803628,0.0039553908580185915,0.027394063613654308,2.4647548358751403e-06,0.00040426652824141894,0.15
35.78803059020459,0.4026153441398017,0.003956338751558626,0.02511722743061873,2.477944380112141e-06,0.0003725853456661794,0.15
35.78803059020459,0.4137991036992407,0.0039572604909569,0.022903212090667896,2.4909006700557914e-06,0.00034146441853787865,0.15
35.78803059020459,0.4249828632586796,0.003958152812093183,0.020759857945509576,2.5035681466807417e-06,0.00031103719802010494,0.15
35.78803059020459,0.4361666228181186,0.003959012359744889,0.01869522418858245,2.5158881936790546e-06,0.00028144447907314053,0.15
35.78803059020459,0.4473503823775575,0.003959835736314463,0.016717471817958303,2.5277998941707453e-06,0.000252832582939129,0.15
35.78803059020459,0.45853414193699643,0.003960619566556745,0.014834708166665104,2.539241093115607e-06,0.00022535080534411909,0.15
35.78803059020459,0.4697179014964354,0.00396136057936539,0.013054790458412709,2.5501497931509367e-06,0.00019914806381775063,0.15
35.78803059020459,0.4809016610558743,0.0039620557064935,0.011385088686614446,2.5604658900433783e-06,0.0001743687292559647,0.15
35.78803059020459,0.49208542061531324,0.003962702196371078,0.009832212228632597,2.5701332218815642e-06,0.00015114770386076052,0.15
35.78803059020459,0.5032691801747522,0.003963297738956116,0.008401709956902103,2.5791018637901014e-06,0.00012960490930596864,0.15
35.78803059020459,0.5144529397341912,0.003963840594950268,0.0070977598639523675,2.5873305499690645e-06,0.0001098394690171921,0.15
35.78803059020459,0.52563669929363,0.003964329720026227,0.005922870663561005,2.594789053078003e-06,9.192399284279941e-05,0.15
35.78803059020459,0.536820458853069,0.003964764872425752,0.0048776233330321194,2.6014603065466825e-06,7.589947913878882e-05,0.15
35.78803059020459,0.548004218412508,0.003965146690993755,0.003960483663601906,2.607342029940121e-06,6.177141043796972e-05,0.15
35.78803059020459,0.5591879779719469,0.003965476731058518,0.0031677160603642805,2.6124476229506606e-06,4.95076058076484e-05,0.15
35.78803059020459,0.5703717375313858,0.003965757448035851,0.0024934229069168055,2.616806138671164e-06,3.903828472846523e-05,0.15
35.78803059020459,0.5815554970908248,0.003965992123356304,0.0019297224696155607,2.6204612331688463e-06,3.0258589888639645e-05,0.15
35.78803059020459,0.5927392566502637,0.003966184733888336,0.0014670625266813453,2.6234691076234825e-06,2.303352986988962e-05,0.15
35.78803059020459,0.6039230162097026,0.00396633977347312,0.0010946490284188448,2.625895592582041e-06,1.7204982540643715e-05,0.15
35.78803059020459,0.6151067757691415,0.003966462042083078,0.0008009525319445883,2.6278126452210295e-06,1.2600108507253328e-05,0.15
35.78803059020459,0.6262905353285805,0.003966556422949655,0.0005742435399093974,2.6292946133194998e-06,9.040325041759587e-06,0.15
35.78803059020459,0.6374742948880194,0.003966627669617444,0.00040310400294458684,2.6304146446858545e-06,6.349930740062332e-06,0.15
35.78803059020459,0.6486580544474583,0.003966680222836767,0.0002768671550528886,2.6312415823823627e-06,4.363563380552068e-06,0.15
35.78803059020459,0.6598418140068973,0.003966718071973071,0.00018595042283100336,2.6318375941420654e-06,2.9318943042835446e-06,0.15
35.78803059020459,0.6710255735663363,0.003966744668412974,0.00012206343925594076,2.6322566611075694e-06,1.925258716562625e-06,0.15
35.78803059020459,0.6822093331257751,0.0039667628908879905,7.8291350455409e-05,2.632543923971201e-06,1.2352264895226167e-06,0.15
35.78803059020459,0.6933930926852141,0.003966775056220136,4.906901590274371e-05,2.6327357785464385e-06,7.743727850168828e-07,0.15
35.78803059020459,0.704576852244653,0.003966782964739164,3.007192371555642e-05,2.6328605437283576e-06,4.746737418439553e-07,0.15
35.78803059020459,0.715760611804092,0.003966787967880848,1.805382429350208e-05,2.6329394974921243e-06,2.8501807867209974e-07,0.15
35.78803059020459,0.7269443713635309,0.0039667910459884334,1.0659852241613505e-05,2.6329880859520637e-06,1.6830295577680425e-07,0.15
35.78803059020459,0.7381281309229699,0.003966792886445497,6.23885026046032e-06,2.6330171453071353e-06,9.849884735855531e-08,0.15
35.78803059020459,0.7493118904824089,0.003966793955162695,3.6716554453932863e-06,2.6330340236010096e-06,5.795503650469067e-08,0.15
35.78803059020459,0.7604956500418477,0.003966794557407168,2.2249840157876924e-06,2.633043537105569e-06,3.510233427326154e-08,0.15
35.78803059020459,0.7716794096012867,0.003966794886496856,1.434465282636855e-06,2.6330487368431622e-06,2.2611845034998473e-08,0.15
35.78803059020459,0.7828631691607256,0.003966795060726744,1.0159400765664924e-06,2.633051490361781e-06,1.5997497064137934e-08,0.15
35.78803059020459,0.7940469287201646,0.0039667951500181745,8.014488758287242e-07,2.633052901833025e-06,1.2606932360489392e-08,0.15
35.78803059020459,0.8052306882796034,0.0039667951942727936,6.951424356907594e-07,2.6330536015421904e-06,1.0926122593273077e-08,0.15
35.78803059020459,0.8164144478390425,0.003966795215462318,6.442415224500853e-07,2.6330539366452354e-06,1.012115116834461e-08,0.15
35.78803059020459,0.8275982073984814,0.003966795225253057,6.207220298535063e-07,2.6330540915179656e-06,9.749120867747297e-09,0.15
35.78803059020459,0.8387819669579203,0.003966795229613456,6.102471147057149e-07,2.6330541605087707e-06,9.583392829296343e-09,0.15
35.78803059020459,0.8499657265173592,0.003966795231482795,6.057561830018989e-07,2.6330541900936627e-06,9.512324400365047e-09,0.15
35.78803059020459,0.8611494860767982,0.003966795232253217,6.039052800258892e-07,2.633054202289462e-06,9.483027720132865e-09,0.15
35.78803059020459,0.8723332456362372,0.0039667952325584165,6.031730639373339e-07,2.633054207115431e-06,9.471435456611489e-09,0.15
35.78803059020459,0.883517005195676,0.003966795232673905,6.02895480713643e-07,2.63305420894521e-06,9.467039876870304e-09,0.15
35.78803059020459,0.894700764755115,0.003966795232716703,6.027948175671313e-07,2.6330542096095055e-06,9.465445513936528e-09,0.15
35.78803059020459,0.9058845243145539,0.003966795232732542,6.027599660260107e-07,2.6330542098402347e-06,9.464893395554569e-09,0.15
35.78803059020459,0.9170682838739929,0.003966795232737963,6.027484709123036e-07,2.6330542099164834e-06,9.464711250729106e-09,0.15
35.78803059020459,0.9282520434334317,0.003966795232739824,6.027448675231425e-07,2.6330542099404904e-06,9.46465414128628e-09,0.15
35.78803059020459,0.9394358029928708,0.003966795232741643,6.027437968249812e-07,2.6330542099484648e-06,9.46463716835416e-09,0.15
35.78803059020459,0.9506195625523097,0.003966795232743462,6.027434961509967e-07,2.633054209951572e-06,9.464632400986457e-09,0.15
35.78803059020459,0.9618033221117486,0.00396679523274528,6.027434166179518e-07,2.633054209953281e-06,9.464631139671945e-09,0.15
35.78803059020459,0.9729870816711875,0.0039667952327471,6.027433968772619e-07,2.6330542099546134e-06,9.464630826537127e-09,0.15
35.78803059020459,0.9841708412306265,0.003966795232748918,6.027433923003891e-07,2.633054209955849e-06,9.464630753921099e-09,0.15
35.78803059020459,0.9953546007900654,0.003966795232750737,6.027433913152094e-07,2.633054209957062e-06,9.464630738286733e-09,0.15
35.78803059020459,1.0065383603495044,0.0039667952327525555,6.027433911207203e-07,2.63305420995827e-06,9.464630735199374e-09,0.15
35.78803059020459,1.0177221199089435,0.0039667952327543735,6.027433910863898e-07,2.6330542099594766e-06,9.464630734653961e-09,0.15
35.78803059020459,1.0289058794683823,0.003966795232756192,6.027433910826881e-07,2.6330542099606832e-06,9.464630734595832e-09,0.15
35.78803059020459,1.0400896390278211,0.00396679523275801,6.027433910789913e-07,2.63305420996189e-06,9.464630734537779e-09,0.15
35.78803059020459,1.05127339858726,0.00396679523275983,6.027433910752944e-07,2.633054209963097e-06,9.464630734479729e-09,0.15
35.78803059020459,1.062457158146699,0.003966795232761647,6.027433910715976e-07,2.6330542099643026e-06,9.464630734421676e-09,0.15
35.78803059020459,1.073640917706138,0.003966795232763466,6.027433910679007e-07,2.633054209965509e-06,9.464630734363623e-09,0.15
35.78803059020459,1.084824677265577,0.003966795232765282,6.027433910642039e-07,2.633054209966715e-06,9.464630734305573e-09,0.15
35.78803059020459,1.096008436825016,0.003966795232767099,6.02743391060507e-07,2.6330542099679207e-06,9.46463073424752e-09,0.15
35.78803059020459,1.1071921963844549,0.003966795232768917,6.027433910568101e-07,2.633054209969126e-06,9.46463073418947e-09,0.15
35.78803059020459,1.1183759559438937,0.0039667952327707345,6.027433910531132e-07,2.633054209970332e-06,9.464630734131416e-09,0.15
38.024782502092386,0.011183759559438938,0.003926948758695495,0.09571152669963537,2.123254877289879e-06,0.0012245428051826154,0.15
38.024782502092386,0.022367519118877875,0.003927735054472245,0.09382286448812255,2.13147421124732e-06,0.0012048002013559358,0.15
38.024782502092386,0.03355127867831681,0.003928544305348934,0.09187906388739933,2.1399970025969314e-06,0.0011843286935371844,0.15
38.024782502092386,0.04473503823775575,0.003929375241055485,0.08988317607103966,2.1488159418404746e-06,0.0011631458389908715,0.15
38.024782502092386,0.055918797797194685,0.003930226591907866,0.08783825080845853,2.157923585760834e-06,0.0011412695161940787,0.15
38.024782502092386,0.06710255735663362,0.0039310970953523585,0.08574732074380728,2.167312401013787e-06,0.0011187178201216925,0.15
38.024782502092386,0.07828631691607256,0.003931985500537518,0.08361339041408347,2.17697478978824e-06,0.0010955090006042492,0.15
38.024782502092386,0.0894700764755115,0.003932890571073507,0.081439429620428,2.186903098380486e-06,0.001071661441726141,0.15
38.024782502092386,0.10065383603495043,0.0039338110861463485,0.07922837075111398,2.1970896095603542e-06,0.0010471936801560331,0.15
38.024782502092386,0.11183759559438937,0.003934745840150907,0.0769831096625433,2.20752651955775e-06,0.0010221244604192395,0.15
38.024782502092386,0.12302135515382831,0.003935693640996293,0.07470650974911457,2.2182059003896076e-06,0.0009964728253826303,0.15
38.024782502092386,0.13420511471326724,0.003936653307222626,0.07240140886841247,2.2291196480980276e-06,0.0009702582405810527,0.15
38.024782502092386,0.1453888742727062,0.00393762366405062,0.07007062882984726,2.2402594172976864e-06,0.0009435007514289548,0.15
38.024782502092386,0.15657263383214512,0.003938603538466929,0.06771698719877917,2.2516165422484393e-06,0.0009162211727981093,0.15
38.024782502092386,0.16775639339158407,0.0039395917534314675,0.06534331121080483,2.2631819444924937e-06,0.0008884413108677937,0.15
38.024782502092386,0.178940152951023,0.003940587121275118,0.0629524536296532,2.2749460269343742e-06,0.0008601842175386406,0.15
38.024782502092386,0.19012391251046193,0.003941588436344515,0.060547310414339695,2.286898554113958e-06,0.0008314744780109377,0.15
38.024782502092386,0.20130767206990086,0.0039425944669395745,0.058130840084619884,2.299028518339122e-06,0.0008023385323276786,0.15
38.024782502092386,0.2124914316293398,0.003943603946585643,0.05570608468585326,2.3113239913258867e-06,0.0007728050317291023,0.15
38.024782502092386,0.22367519118877874,0.00394461556468077,0.05327619225235262,2.3237719610592312e-06,0.0007429052305055838,0.15
38.024782502092386,0.2348589507482177,0.003945627956570541,0.05084444064886153,2.3363581537698275e-06,0.0007126734136038901,0.15
38.024782502092386,0.24604271030765662,0.003946639693115356,0.048414262629100466,2.34906684124636e-06,0.0006821473594562821,0.15
38.024782502092386,0.2572264698670956,0.00394764926984622,0.045989271883589575,2.3618806342215195e-06,0.0006513688362615135,0.15
38.024782502092386,0.2684102294265345,0.003948655095844262,0.04357328975065306,2.3747802633251956e-06,0.0006203841281298561,0.15
38.024782502092386,0.27959398898597343,0.003949655482536844,0.0411703721282863,2.3877443501544994e-06,0.0005892445849689705,0.15
38.024782502092386,0.2907777485454124,0.003950648632677908,0.03878483594343933,2.4007491724312743e-06,0.0005580071865733285,0.15
38.024782502092386,0.3019615081048513,0.003951632629877508,0.036421284302377246,2.413768429074445e-06,0.0005267351069208616,0.15
38.024782502092386,0.31314526766429024,0.003952605429166365,0.03408462915482154,2.4267730133732464e-06,0.0004954982590146863,0.15
38.024782502092386,0.32432902722372914,0.003953564849228571,0.03178010995200706,2.4397308053586854e-06,0.00046437379361579365,0.15
38.024782502092386,0.33551278678316815,0.0039545085671069315,0.029513306365262386,2.452606497951074e-06,0.00043344651685146265,0.15
38.024782502092386,0.34669654634260705,0.003955434116380102,0.027290142666117012,2.4653614754676056e-06,0.00040280918206277757,0.15
38.024782502092386,0.357880305902046,0.003956338890017018,0.025116880871797392,2.4779537674632566e-06,0.0003725626007106893,0.15
38.024782502092386,0.36906406546148496,0.00395722014931871,0.02300009926968088,2.4903381053654458e-06,0.00034281550638254105,0.15
38.024782502092386,0.38024782502092386,0.003958075040532817,0.020946652512074223,2.5024661134661273e-06,0.00031368409608392267,0.15
38.024782502092386,0.3914315845803628,0.003958900620836664,0.018963609209086553,2.514286668826366e-06,0.0002852911658160405,0.15
38.024782502092386,0.4026153441398017,0.003959693895375921,0.01705816296525016,2.525746465515913e-06,0.0002577647553520428,0.15
38.024782502092386,0.4137991036992407,0.003960451866859063,0.015237513259079957,2.5367908160727196e-06,0.00023123622322265453,0.15
38.024782502092386,0.4249828632586796,0.003961171598762489,0.013508713629609134,2.547364715640331e-06,0.0002058376907560434,0.15
38.024782502092386,0.4361666228181186,0.00396185029243159,0.011878486483824655,2.557414180449816e-06,0.00018169882714197646,0.15
38.024782502092386,0.4473503823775575,0.00396248537721227,0.010353006605723329,2.566887851014211e-06,0.00015894299864898696,0.15
38.024782502092386,0.45853414193699643,0.003963074611199131,0.008937659162285738,2.575738821285265e-06,0.00013768287505982007,0.15
38.024782502092386,0.4697179014964354,0.003963616188305754,0.007636782521969582,2.5839266192068086e-06,0.00011801567241947404,0.15
38.024782502092386,0.4809016610558743,0.003964108845305816,0.006453411140505311,2.5914192247072705e-06,0.00010001830580840997,0.15
38.024782502092386,0.49208542061531324,0.003964551960545235,0.005389038450887495,2.5981949736640203e-06,8.374281595554906e-05,0.15
38.024782502092386,0.5032691801747522,0.0039649456345761565,0.004443423172137292,2.604244168320852e-06,6.92125008874287e-05,0.15
38.024782502092386,0.5144529397341912,0.003965290742478743,0.0036144636216996523,2.609570204732982e-06,5.641920761745069e-05,0.15
38.024782502092386,0.52563669929363,0.003965588948536825,0.0028981624510715756,2.6141900439139366e-06,4.5322200214229585e-05,0.15
38.024782502092386,0.536820458853069,0.003965842676487098,0.002288698092350702,2.6181338999594357e-06,3.5848908663582664e-05,0.15
38.024782502092386,0.548004218412508,0.0039660550327233314,0.001778609206412836,2.6214440941184606e-06,2.7897681126276926e-05,0.15
38.024782502092386,0.5591879779719469,0.0039662296851690525,0.0013590856181575773,2.6241731198130286e-06,2.1342431530902442e-05,0.15
38.024782502092386,0.5703717375313858,0.0039663707062037624,0.001020345598079577,2.626381064429006e-06,1.6038832265053008e-05,0.15
38.024782502092386,0.5815554970908248,0.003966482392973428,0.0007520674721068823,2.6281326199962972e-06,1.1831494438071851e-05,0.15
38.024782502092386,0.5927392566502637,0.003966569081580446,0.0005438359381852317,2.6294939684538484e-06,8.56144948231041e-06,0.15
38.024782502092386,0.6039230162097026,0.003966634972303168,0.0003855618939366063,2.6305298362481843e-06,6.073224099048835e-06,0.15
38.024782502092386,0.6151067757691415,0.003966683980964131,0.00026783946086966336,2.6313009757976996e-06,4.220889939158552e-06,0.15
38.024782502092386,0.6262905353285805,0.003966719627289336,0.0001822141568062142,2.631862256784258e-06,2.8726485152320707e-06,0.15
38.024782502092386,0.6374742948880194,0.003966744965527745,0.00012134955934674269,2.632261455161087e-06,1.91374020720123e-06,0.15
38.024782502092386,0.6486580544474583,0.003966762556883869,7.909353530390409e-05,2.632538731955896e-06,1.247696363989362e-06,0.15
38.024782502092386,0.6598418140068973,0.003966774478511106,5.045664726171087e-05,2.6327267147210566e-06,7.961438102519344e-07,0.15
38.024782502092386,0.6710255735663363,0.003966782360629611,3.152300286223717e-05,2.632851042818722e-06,4.974951775710661e-07,0.15
38.024782502092386,0.6822093331257751,0.003966787441998844,1.9317013656305777e-05,2.632931216813358e-06,3.049087248141359e-07,0.15
38.024782502092386,0.6933930926852141,0.003966790634309713,1.1648726402061233e-05,2.632981598453677e-06,1.8388640337960376e-07,0.15
38.024782502092386,0.704576852244653,0.003966792587595728,6.9567046951234945e-06,2.6330124331106726e-06,1.0981795300469704e-07,0.15
38.024782502092386,0.715760611804092,0.003966793750924595,4.162246251395563e-06,2.6330308017281416e-06,6.569428954467289e-08,0.15
38.024782502092386,0.7269443713635309,0.003966794424897143,2.5432776959184187e-06,2.6330414459356516e-06,4.012554632473109e-08,0.15
38.024782502092386,0.7381281309229699,0.003966794804471767,1.631488690988189e-06,2.6330474419550602e-06,2.5722311977139392e-08,0.15
38.024782502092386,0.7493118904824089,0.003966795012136205,1.1326497460452752e-06,2.6330507230685283e-06,1.7840624804122738e-08,0.15
38.024782502092386,0.7604956500418477,0.003966795122420404,8.677313270829586e-07,2.6330524659355763e-06,1.3654008800556212e-08,0.15
38.024782502092386,0.7716794096012867,0.003966795179227838,7.31271620559912e-07,2.633053363874999e-06,1.1497025300627337e-08,0.15
38.024782502092386,0.7828631691607256,0.003966795207585408,6.631525304709948e-07,2.6330538122087356e-06,1.0420058995463433e-08,0.15
38.024782502092386,0.7940469287201646,0.00396679522129149,6.302285831079963e-07,2.6330540289462624e-06,9.899421250173967e-09,0.15
38.024782502092386,0.8052306882796034,0.003966795227699405,6.148359577156868e-07,2.63305413029638e-06,9.655961831008525e-09,0.15
38.024782502092386,0.8164144478390425,0.003966795230594352,6.078821886551577e-07,2.633054176091736e-06,9.54595390599992e-09,0.15
38.024782502092386,0.8275982073984814,0.003966795231856974,6.048500396504781e-07,2.633054196064804e-06,9.497975722106255e-09,0.15
38.024782502092386,0.8387819669579203,0.003966795232387536,6.035754131754469e-07,2.63305420446247e-06,9.477802953613874e-09,0.15
38.024782502092386,0.8499657265173592,0.003966795232602676,6.030595241750599e-07,2.6330542078622675e-06,9.469636605139339e-09,0.15
38.024782502092386,0.8611494860767982,0.0039667952326863645,6.02858770253049e-07,2.6330542091855274e-06,9.466458088191116e-09,0.15
38.024782502092386,0.8723332456362372,0.003966795232716955,6.027837723938634e-07,2.633054209679517e-06,9.465270412109468e-09,0.15
38.024782502092386,0.883517005195676,0.003966795232729043,6.027569192015107e-07,2.633054209857181e-06,9.464845074748696e-09,0.15
38.024782502092386,0.894700764755115,0.003966795232734368,6.027477205298664e-07,2.6330542099188457e-06,9.464699344057965e-09,0.15
38.024782502092386,0.9058845243145539,0.003966795232736187,6.027447118101348e-07,2.6330542099390627e-06,9.464651668499317e-09,0.15
38.024782502092386,0.9170682838739929,0.003966795232738006,6.027437741940299e-07,2.633054209946195e-06,9.464636808214242e-09,0.15
38.024782502092386,0.9282520434334317,0.003966795232739825,6.02743496469623e-07,2.6330542099491572e-06,9.464632405666547e-09,0.15
38.024782502092386,0.9394358029928708,0.003966795232741643,6.027434184887916e-07,2.6330542099508564e-06,9.464631169247143e-09,0.15
38.024782502092386,0.9506195625523097,0.003966795232743462,6.02743397795335e-07,2.6330542099521943e-06,9.464630841076944e-09,0.15
38.024782502092386,0.9618033221117486,0.00396679523274528,6.027433926239403e-07,2.633054209953433e-06,9.46463075904876e-09,0.15
38.024782502092386,0.9729870816711875,0.0039667952327471,6.027433914126285e-07,2.633054209954648e-06,9.464630739830798e-09,0.15
38.024782502092386,0.9841708412306265,0.003966795232748918,6.027433911492581e-07,2.6330542099558564e-06,9.46463073565108e-09,0.15
38.024782502092386,0.9953546007900654,0.003966795232750737,6.027433910981087e-07,2.633054209957063e-06,9.464630734838925e-09,0.15
38.024782502092386,1.0065383603495044,0.0039667952327525555,6.027433910900819e-07,2.63305420995827e-06,9.464630734711937e-09,0.15
38.024782502092386,1.0177221199089435,0.0039667952327543735,6.02743391086385e-07,2.6330542099594766e-06,9.464630734653885e-09,0.15
38.024782502092386,1.0289058794683823,0.003966795232756192,6.027433910826881e-07,2.6330542099606832e-06,9.464630734595832e-09,0.15
38.024782502092386,1.0400896390278211,0.00396679523275801,6.027433910789913e-07,2.63305420996189e-06,9.464630734537779e-09,0.15
38.024782502092386,1.05127339858726,0.00396679523275983,6.027433910752944e-07,2.633054209963097e-06,9.464630734479729e-09,0.15
38.024782502092386,1.062457158146699,0.003966795232761647,6.027433910715976e-07,2.6330542099643026e-06,9.464630734421676e-09,0.15
38.024782502092386,1.073640917706138,0.003966795232763466,6.027433910679007e-07,2.633054209965509e-06,9.464630734363623e-09,0.15
38.024782502092386,1.084824677265577,0.003966795232765282,6.027433910642039e-07,2.633054209966715e-06,9.464630734305573e-09,0.15
38.024782502092386,1.096008436825016,0.003966795232767099,6.02743391060507e-07,2.6330542099679207e-06,9.46463073424752e-09,0.15
38.024782502092386,1.1071921963844549,0.003966795232768917,6.027433910568101e-07,2.633054209969126e-06,9.46463073418947e-09,0.15
38.024782502092386,1.1183759559438937,0.0039667952327707345,6.027433910531132e-07,2.633054209970332e-06,9.464630734131416e-09,0.15
40.26153441398017,0.011183759559438938,0.003931272760214955,0.08532536236076996,2.1692219608113944e-06,0.0011141309394973606,0.15
40.26153441398017,0.022367519118877875,0.003932125546907848,0.08327698649149906,2.178511099863082e-06,0.0010918186509680688,0.15
40.26153441398017,0.03355127867831681,0.003932993176330849,0.08119295813935168,2.1880399182576596e-06,0.0010689306528243307,0.15
40.26153441398017,0.04473503823775575,0.003933874590237219,0.07907581920780593,2.1978016818863696e-06,0.0010454831203044464,0.15
40.26153441398017,0.055918797797194685,0.003934768746049934,0.07692807396130971,2.2077896150319623e-06,0.001021492328579695,0.15
40.26153441398017,0.06710255735663362,0.003935674615133332,0.07475219317638285,2.2179968677889705e-06,0.0009969747310064217,0.15
40.26153441398017,0.07828631691607256,0.003936591180178509,0.07255062042195273,2.228416472858037e-06,0.0009719470629020013,0.15
40.26153441398017,0.0894700764755115,0.00393751743179297,0.07032578025027272,2.239041292025336e-06,0.0009464264700967845,0.15
40.26153441398017,0.10065383603495043,0.003938452364371362,0.06808008811533241,2.24986395249187e-06,0.0009204306618669257,0.15
40.26153441398017,0.11183759559438937,0.003939394971308754,0.06581596186983625,2.2608767730738157e-06,0.0008939780881965539,0.15
40.26153441398017,0.12302135515382831,0.00394034423960658,0.06353583472284506,2.2720716801649487e-06,0.0008670881416323504,0.15
40.26153441398017,0.13420511471326724,0.003941299143907211,0.06124216956665147,2.283440113238985e-06,0.0008397813842612353,0.15
40.26153441398017,0.1453888742727062,0.003942258639989221,0.058937474601896175,2.2949729195899154e-06,0.0008120798005398695,0.15
40.26153441398017,0.15657263383214512,0.003943221657745932,0.05662432020295648,2.306660237962679e-06,0.0007840070768088479,0.15
40.26153441398017,0.16775639339158407,0.0039441870936698575,0.054305356969565975,2.3184913707364657e-06,0.0007555889083029844,0.15
40.26153441398017,0.178940152951023,0.003945153802869169,0.051983334903537896,2.3304546444005693e-06,0.000726853334283342,0.15
40.26153441398017,0.19012391251046193,0.003946120590649377,0.04966112362894643,2.3425372582283676e-06,0.0006978311015168343,0.15
40.26153441398017,0.20130767206990086,0.003947086203710478,0.047341733537324376,2.3547251213367448e-06,0.0006685560556548825,0.15
40.26153441398017,0.2124914316293398,0.003948049321030759,0.045028337682789236,2.3670026787434676e-06,0.0006390655590376636,0.15
40.26153441398017,0.22367519118877874,0.003949008544546302,0.04272429417149293,2.379352727647102e-06,0.0006094009319865169,0.15
40.26153441398017,0.2348589507482177,0.0039499623897756506,0.040433168680530124,2.391756225987752e-06,0.0005796079126373725,0.15
40.26153441398017,0.24604271030765662,0.003950909276602234,0.03815875659854978,2.404192096460236e-06,0.0005497371276991942,0.15
40.26153441398017,0.2572264698670956,0.003951847520501433,0.035905104098455626,2.4166370305879405e-06,0.0005198445630687218,0.15
40.26153441398017,0.2684102294265345,0.0039527753245932875,0.03367652722742996,2.4290652992766716e-06,0.0004899920188832548,0.15
40.26153441398017,0.27959398898597343,0.0039536907730143315,0.031477627828058206,2.4414485784899055e-06,0.0004602475282552346,0.15
40.26153441398017,0.2907777485454124,0.003954591826234698,0.0293133047870574,2.4537558013339527e-06,0.00043068571257488705,0.15
40.26153441398017,0.3019615081048513,0.00395547631909612,0.027188758750577042,2.4659530508863098e-06,0.00040138803895485044,0.15
40.26153441398017,0.31314526766429024,0.00395634196250343,0.02510948806138283,2.4780035114455736e-06,0.00037244293735169324,0.15
40.26153441398017,0.32432902722372914,0.003957186349865866,0.023081273289105166,2.4898674993428336e-06,0.00034394572659022393,0.15
40.26153441398017,0.33551278678316815,0.003958006969524649,0.02111014738198711,2.501502597699874e-06,0.0003159982907171234,0.15
40.26153441398017,0.34669654634260705,0.003958801224503401,0.01920234822877853,2.5128639220624275e-06,0.00028870844100230535,0.15
40.26153441398017,0.357880305902046,0.003959566460940663,0.01736425036712379,2.5239045449876786e-06,0.00026218889614256066,0.15
40.26153441398017,0.36906406546148496,0.003960300006462946,0.01560227281734478,2.5345761065365892e-06,0.00023655581593241275,0.15
40.26153441398017,0.38024782502092386,0.003960999219477051,0.013922760683416724,2.5448296331638327e-06,0.00021192683436736914,0.15
40.26153441398017,0.3914315845803628,0.003961661549862321,0.012331839376291613,2.5546165786239595e-06,0.00018841855947002173,0.15
40.26153441398017,0.4026153441398017,0.003962284610755234,0.010835242189834742,2.5638900862555032e-06,0.00016614354136065045,0.15
40.26153441398017,0.4137991036992407,0.003962866260045756,0.009438114552068978,2.5726064518889123e-06,0.00014520675842026864,0.15
40.26153441398017,0.4249828632586796,0.003963404688839875,0.008144801537004549,2.580726740981009e-06,0.0001257017329768265,0.15
40.26153441398017,0.4361666228181186,0.003963898512597983,0.006958628953403774,2.588218484040095e-06,0.00010770645890979486,0.15
40.26153441398017,0.4473503823775575,0.003964346859066646,0.005881692128793608,2.595057344148719e-06,9.127939623209e-05,0.15
40.26153441398017,0.45853414193699643,0.003964749445768041,0.004914669775762909,2.6012286242728008e-06,7.645585045891133e-05,0.15
40.26153441398017,0.4697179014964354,0.003965106638987274,0.004056682297300978,2.606728466103818e-06,6.324509286398187e-05,0.15
40.26153441398017,0.4809016610558743,0.003965419486256163,0.0033052137504040323,2.6115645926932545e-06,5.1628576500688056e-05,0.15
40.26153441398017,0.49208542061531324,0.003965689715541215,0.0026561137850890275,2.6157564690119148e-06,4.1559550334399776e-05,0.15
40.26153441398017,0.5032691801747522,0.003965919696814264,0.0021036899393445004,2.619334799520794e-06,3.296426585793777e-05,0.15
40.26153441398017,0.5144529397341912,0.00396611236528219,0.0016408920292229027,2.6223403468751205e-06,2.5744814353641795e-05,0.15
40.26153441398017,0.52563669929363,0.003966271109847899,0.001259580055771804,2.624822132726715e-06,1.978344838883401e-05,0.15
40.26153441398017,0.536820458853069,0.003966399634687119,0.0009508566901463606,2.6268351576826183e-06,1.4948058352249109e-05,0.15
40.26153441398017,0.548004218412508,0.003966501805356215,0.0007054369206001772,2.628437838555148e-06,1.1098328126072958e-05,0.15
40.26153441398017,0.5591879779719469,0.003966581492862537,0.0005140225961431765,2.629689394714151e-06,8.092013085850979e-06,0.15
40.26153441398017,0.5703717375313858,0.003966642429190534,0.00036764945824128227,2.63064741460526e-06,5.790785407538362e-06,0.15
40.26153441398017,0.5815554970908248,0.003966688085844838,0.0002579788884855481,2.631365798751499e-06,4.065175110515723e-06,0.15
40.26153441398017,0.5927392566502637,0.003966721583456316,0.0001775150443904997,2.6318932146054845e-06,2.7982816628527938e-06,0.15
40.26153441398017,0.6039230162097026,0.003966745636125174,0.0001197385576343918,2.6322721243547114e-06,1.8881093586942448e-06,0.15
40.26153441398017,0.6151067757691415,0.003966762529795218,7.915848785154162e-05,2.632538373599052e-06,1.248555465693151e-06,0.15
40.26153441398017,0.6262905353285805,0.003966774130320041,5.129295562094038e-05,2.63272126898536e-06,8.092238699229242e-07,0.15
40.26153441398017,0.6374742948880194,0.003966781914478524,3.2594648006711814e-05,2.6328440339938923e-06,5.143303643382613e-07,0.15
40.26153441398017,0.6486580544474583,0.003966787016187317,2.0339820061678784e-05,2.6329245162072476e-06,3.2100384142111724e-07,0.15
40.26153441398017,0.6598418140068973,0.003966790280393998,1.2498844054578668e-05,2.6329760238415395e-06,1.972769655685317e-07,0.15
40.26153441398017,0.6710255735663363,0.003966792318284963,7.603599975069427e-06,2.6330081883272165e-06,1.2001425038504033e-07,0.15
40.26153441398017,0.6822093331257751,0.003966793559083981,4.623054296001532e-06,2.633027776476645e-06,7.296121218282489e-08,0.15
40.26153441398017,0.6933930926852141,0.003966794295469589,2.854165561940975e-06,2.633039404071711e-06,4.50303036201042e-08,0.15
40.26153441398017,0.704576852244653,0.003966794721211788,1.8314782718232733e-06,2.633046127977331e-06,2.887862468289077e-08,0.15
40.26153441398017,0.715760611804092,0.003966794960855814,1.2558215402853246e-06,2.6330499135373074e-06,1.978520809298438e-08,0.15
40.26153441398017,0.7269443713635309,0.00396679509210328,9.405473696713979e-07,2.633051987217054e-06,1.4803944581779526e-08,0.15
40.26153441398017,0.7381281309229699,0.003966795161995566,7.72656759928076e-07,2.6330530917171426e-06,1.2150778579601307e-08,0.15
40.26153441398017,0.7493118904824089,0.003966795198159232,6.857869722439153e-07,2.6330536633190404e-06,1.0777707120259973e-08,0.15
40.26153441398017,0.7604956500418477,0.003966795216326646,6.421467383460987e-07,2.6330539505274642e-06,1.008778923053979e-08,0.15
40.26153441398017,0.7716794096012867,0.003966795225180694,6.208784855016695e-07,2.6330540905270933e-06,9.751488525188195e-09,0.15
40.26153441398017,0.7828631691607256,0.00396679522936333,6.108316211388269e-07,2.633054156674148e-06,9.592592934483235e-09,0.15
40.26153441398017,0.7940469287201646,0.003966795231276679,6.062355597251261e-07,2.633054186939764e-06,9.519889953183101e-09,0.15
40.26153441398017,0.8052306882796034,0.003966795232123747,6.042014565663319e-07,2.63305420033735e-06,9.487707123307461e-09,0.15
40.26153441398017,0.8164144478390425,0.003966795232485876,6.033314202593048e-07,2.6330542060688154e-06,9.473939046689602e-09,0.15
40.26153441398017,0.8275982073984814,0.003966795232635342,6.029721746786614e-07,2.6330542084358e-06,9.468252982311127e-09,0.15
40.26153441398017,0.8387819669579203,0.003966795232695299,6.028291499823633e-07,2.6330542093786373e-06,9.465988777945236e-09,0.15
40.26153441398017,0.8499657265173592,0.003966795232718263,6.027743183180732e-07,2.6330542097401514e-06,9.465120577326296e-09,0.15
40.26153441398017,0.8611494860767982,0.003966795232727159,6.027541047758935e-07,2.633054209873734e-06,9.464800455712639e-09,0.15
40.26153441398017,0.8723332456362372,0.00396679523273073,6.027469502189812e-07,2.6330542099213034e-06,9.464687127230114e-09,0.15
40.26153441398017,0.883517005195676,0.00396679523273255,6.027445228639579e-07,2.6330542099378447e-06,9.464648670420292e-09,0.15
40.26153441398017,0.894700764755115,0.003966795232734369,6.027437348949098e-07,2.6330542099440306e-06,9.46463618415322e-09,0.15
40.26153441398017,0.9058845243145539,0.003966795232736187,6.027434906366479e-07,2.6330542099467805e-06,9.464632312859275e-09,0.15
40.26153441398017,0.9170682838739929,0.003966795232738006,6.027434184923404e-07,2.6330542099484436e-06,9.464631169211273e-09,0.15
40.26153441398017,0.9282520434334317,0.003966795232739825,6.027433982388528e-07,2.633054209949778e-06,9.464630848086524e-09,0.15
40.26153441398017,0.9394358029928708,0.003966795232741643,6.027433928500187e-07,2.633054209951019e-06,9.464630762628394e-09,0.15
40.26153441398017,0.9506195625523097,0.003966795232743462,6.027433914963109e-07,2.633054209952234e-06,9.464630741156383e-09,0.15
40.26153441398017,0.9618033221117486,0.00396679523274528,6.027433911776131e-07,2.633054209953443e-06,9.464630736099989e-09,0.15
40.26153441398017,0.9729870816711875,0.0039667952327471,6.027433911088969e-07,2.63305420995465e-06,9.46463073500898e-09,0.15
40.26153441398017,0.9841708412306265,0.003966795232748918,6.027433910974756e-07,2.6330542099558564e-06,9.46463073482804e-09,0.15
40.26153441398017,0.9953546007900654,0.003966795232750737,6.027433910937788e-07,2.6330542099570634e-06,9.46463073476999e-09,0.15
40.26153441398017,1.0065383603495044,0.0039667952327525555,6.027433910900819e-07,2.63305420995827e-06,9.464630734711937e-09,0.15
40.26153441398017,1.0177221199089435,0.0039667952327543735,6.02743391086385e-07,2.6330542099594766e-06,9.464630734653885e-09,0.15
40.26153441398017,1.0289058794683823,0.003966795232756192,6.027433910826881e-07,2.6330542099606832e-06,9.464630734595832e-09,0.15
40.26153441398017,1.0400896390278211,0.00396679523275801,6.027433910789913e-07,2.63305420996189e-06,9.464630734537779e-09,0.15
40.26153441398017,1.05127339858726,0.00396679523275983,6.027433910752944e-07,2.633054209963097e-06,9.464630734479729e-09,0.15
40.26153441398017,1.062457158146699,0.003966795232761647,6.027433910715976e-07,2.6330542099643026e-06,9.464630734421676e-09,0.15
40.26153441398017,1.073640917706138,0.003966795232763466,6.027433910679007e-07,2.633054209965509e-06,9.464630734363623e-09,0.15
40.26153441398017,1.084824677265577,0.003966795232765282,6.027433910642039e-07,2.633054209966715e-06,9.464630734305573e-09,0.15
40.26153441398017,1.096008436825016,0.003966795232767099,6.02743391060507e-07,2.6330542099679207e-06,9.46463073424752e-09,0.15
40.26153441398017,1.1071921963844549,0.003966795232768917,6.027433910568101e-07,2.633054209969126e-06,9.46463073418947e-09,0.15
40.26153441398017,1.1183759559438937,0.0039667952327707345,6.027433910531132e-07,2.633054209970332e-06,9.464630734131416e-09,0.15
42.49828632586796,0.011183759559438938,0.0039356557596753276,0.07479746876172522,2.217789231666539e-06,0.0009974732991377148,0.15
42.49828632586796,0.022367519118877875,0.003936533093196278,0.07269012930973921,2.2277592368679716e-06,0.0009735255575084548,0.15
42.49828632586796,0.03355127867831681,0.00393741924211039,0.07056161504995999,2.2379164012683285e-06,0.0009491282592688006,0.15
42.49828632586796,0.04473503823775575,0.003938313338039797,0.06841401181758006,2.2482544040244626e-06,0.0009242965869341329,0.15
42.49828632586796,0.055918797797194685,0.003939214513632091,0.06624940298340476,2.258766692999519e-06,0.0008990462785616831,0.15
42.49828632586796,0.06710255735663362,0.00394012189811275,0.06406988013647957,2.2694464173282972e-06,0.0008733937897249179,0.15
42.49828632586796,0.07828631691607256,0.0039410346124027764,0.06187755481093159,2.2802863519833546e-06,0.0008473564747019449,0.15
42.49828632586796,0.0894700764755115,0.003941951763821082,0.05967457121113323,2.2912788140794098e-06,0.0008209527875088438,0.15
42.49828632586796,0.10065383603495043,0.003942872440385066,0.057463119901531245,2.3024155706033345e-06,0.0007942025035283363,0.15
42.49828632586796,0.11183759559438937,0.003943795704720834,0.05524545243374029,2.313687737239939e-06,0.0007671269625259279,0.15
42.49828632586796,0.12302135515382831,0.00394472058759525,0.05302389688263065,2.3250856679888468e-06,0.0007397493337861306,0.15
42.49828632586796,0.13420511471326724,0.003945646081085058,0.050800874253678754,2.3365988353465245e-06,0.0007120949039107596,0.15
42.49828632586796,0.1453888742727062,0.0039465711314078215,0.048578915703946436,2.3482157009782337e-06,0.000684191387461194,0.15
42.49828632586796,0.15657263383214512,0.003947494631450289,0.046360680486639,2.359923577042219e-06,0.0006560692600521597,0.15
42.49828632586796,0.16775639339158407,0.003948415413054662,0.04414897448142494,2.371708478684328e-06,0.0006277621126568755,0.15
42.49828632586796,0.178940152951023,0.003949332239144643,0.041946769106656324,2.383554968711425e-06,0.0005993070246974307,0.15
42.49828632586796,0.19012391251046193,0.003950243795814521,0.03975722032157597,2.3954459961228773e-06,0.0005707449518895588,0.15
42.49828632586796,0.20130767206990086,0.003951148684549453,0.037583687312885014,2.407362731055268e-06,0.0005421211227035892,0.15
42.49828632586796,0.2124914316293398,0.003952045414806146,0.035429750316723504,2.419284399821142e-06,0.0005134854346017804,0.15
42.49828632586796,0.22367519118877874,0.003952932397254978,0.033299226850869355,2.4311881251289e-06,0.00048489283783208887,0.15
42.49828632586796,0.2348589507482177,0.003953807938074421,0.031196185420522545,2.443048778289903e-06,0.000456403690432148,0.15
42.49828632586796,0.24604271030765662,0.0039546702347890254,0.029124955514529538,2.4548388522571076e-06,0.0004280840631984133,0.15
42.49828632586796,0.2572264698670956,0.003955517374261703,0.027090132430983523,2.466528366686103e-06,0.0004000059677444229,0.15
42.49828632586796,0.2684102294265345,0.003956347333570354,0.025096575171440608,2.478084818791701e-06,0.00037224747456164294,0.15
42.49828632586796,0.27959398898597343,0.003957157984630538,0.023149395339164148,2.489473196473803e-06,0.00034489268151719274,0.15
42.49828632586796,0.2907777485454124,0.003957947103538972,0.021253934697714416,2.5006560727718765e-06,0.00031803148700735873,0.15
42.49828632586796,0.3019615081048513,0.003958712385702386,0.01941572883447599,2.5115938028483776e-06,0.0002917591168453005,0.15
42.49828632586796,0.31314526766429024,0.0039594514678500505,0.01764045428838217,2.5222448459165236e-06,0.0002661753510397474,0.15
42.49828632586796,0.32432902722372914,0.003960161957981814,0.015933856617917772,2.532566234200852e-06,0.0002413833974092817,0.15
42.49828632586796,0.33551278678316815,0.003960841474131911,0.014301657294824483,2.542514208397854e-06,0.00021748836527040987,0.15
42.49828632586796,0.34669654634260705,0.003961487692494952,0.012749438108071429,2.5520450333774363e-06,0.00019459530618939127,0.15
42.49828632586796,0.357880305902046,0.003962098404930267,0.011282503041686907,2.5611159982766407e-06,0.00017280681182382202,0.15
42.49828632586796,0.36906406546148496,0.0039626715851023816,0.009905719408871722,2.569686591163171e-06,0.0001522201924415739,0.15
42.49828632586796,0.38024782502092386,0.003963205461533479,0.008623342382323701,2.577719820072737e-06,0.00013292430383619186,0.15
42.49828632586796,0.3914315845803628,0.003963698594679084,0.00743882985853369,2.585183630225779e-06,0.0001149961431973405,0.15
42.49828632586796,0.4026153441398017,0.003964149953887017,0.006354657602550001,2.5920523434429052e-06,9.849739163175361e-05,0.15
42.49828632586796,0.4137991036992407,0.0039645589889151225,0.005372147459686351,2.598308023235475e-06,8.347113517588667e-05,0.15
42.49828632586796,0.4249828632586796,0.0039649256897883,0.004491323573373462,2.60394165186257e-06,6.993903742494244e-05,0.15
42.49828632586796,0.4361666228181186,0.003965250628416008,0.0037108124137079698,2.608953998503598e-06,5.789925406353938e-05,0.15
42.49828632586796,0.4473503823775575,0.0039655349758031125,0.003027801428243275,2.6133560649486097e-06,4.7325362164508695e-05,0.15
42.49828632586796,0.45853414193699643,0.003965780490036236,0.0024380678880680136,2.617169019652317e-06,3.816651841512551e-05,0.15
42.49828632586796,0.4697179014964354,0.003965989472526904,0.0019360839819134387,2.620423572605408e-06,3.0348960494780057e-05,0.15
42.49828632586796,0.4809016610558743,0.003966164693056301,0.0015151968489645353,2.6231587985432005e-06,2.3778833558957303e-05,0.15
42.49828632586796,0.49208542061531324,0.003966309287607747,0.001167873977382167,2.625420477144433e-06,1.834617694488959e-05,0.15
42.49828632586796,0.5032691801747522,0.003966426636239583,0.0008859965491095097,2.6272590760822787e-06,1.3929768794097565e-05,0.15
42.49828632586796,0.5144529397341912,0.0039665202307464335,0.0006611773146827588,2.6287275456103285e-06,1.0402423423596483e-05,0.15
42.49828632586796,0.52563669929363,0.003966593543087711,0.0004850766308427001,2.62987911345978e-06,7.63628800889558e-06,0.15
42.49828632586796,0.536820458853069,0.003966649905255821,0.00034969102159552177,2.630765262231959e-06,5.507700963066984e-06,0.15
42.49828632586796,0.548004218412508,0.003966692409474334,0.00024759290838905173,2.631434039772303e-06,3.901250531263763e-06,0.15
42.49828632586796,0.5591879779719469,0.003966723834708518,0.00017210714064250105,2.631928802879234e-06,2.7127925359002688e-06,0.15
42.49828632586796,0.5703717375313858,0.0039667466020039295,0.00011741828014785761,2.63228743607497e-06,1.851327024910759e-06,0.15
42.49828632586796,0.5815554970908248,0.003966762757780146,7.861073798522482e-05,2.632542030657121e-06,1.239769314226141e-06,0.15
42.49828632586796,0.5927392566502637,0.003966773981427654,5.1650532247992596e-05,2.632718963633344e-06,8.14760487328643e-07,0.15
42.49828632586796,0.6039230162097026,0.003966781611737375,3.332180829876511e-05,2.6328392867121883e-06,5.257331118793146e-07,0.15
42.49828632586796,0.6151067757691415,0.003966786685929887,2.1133094635608902e-05,2.632919323586162e-06,3.334766110298999e-07,0.15
42.49828632586796,0.6262905353285805,0.003966789985234329,1.320782214241057e-05,2.6329713771996985e-06,2.0843842377628484e-07,0.15
42.49828632586796,0.6374742948880194,0.003966792081852242,8.171517725039843e-06,2.6330044632815963e-06,1.2896205949125917e-07,0.15
42.49828632586796,0.6486580544474583,0.003966793383407856,5.04503329617285e-06,2.633025007092574e-06,7.9613495024866e-08,0.15
42.49828632586796,0.6598418140068973,0.003966794172359044,3.149879297923913e-06,2.6330374624739215e-06,4.969419702928864e-08,0.15
42.49828632586796,0.6710255735663363,0.003966794639093125,2.028726717928907e-06,2.6330448323913504e-06,3.199074956189532e-08,0.15
42.49828632586796,0.6822093331257751,0.003966794908431444,1.381741836029695e-06,2.633049086179043e-06,2.1772608747039563e-08,0.15
42.49828632586796,0.6933930926852141,0.0039667950599623835,1.017744781525275e-06,2.633051479837883e-06,1.6022723708577777e-08,0.15
42.49828632586796,0.704576852244653,0.003966795143029868,8.182057743835919e-07,2.633052792261895e-06,1.287010176108918e-08,0.15
42.49828632586796,0.715760611804092,0.003966795187372776,7.116881533501505e-07,2.633053492989541e-06,1.118685492189136e-08,0.15
42.49828632586796,0.7269443713635309,0.003966795210408551,6.563530338610176e-07,2.6330538570803077e-06,1.0312255751283283e-08,0.15
42.49828632586796,0.7381281309229699,0.003966795222046378,6.283972705908839e-07,2.63305404105617e-06,9.870317998638891e-09,0.15
42.49828632586796,0.7493118904824089,0.003966795227760133,6.146720166172931e-07,2.633054131398311e-06,9.653302171579844e-09,0.15
42.49828632586796,0.7604956500418477,0.00396679523048414,6.081284274657124e-07,2.6330541744773368e-06,9.549819394276686e-09,0.15
42.49828632586796,0.7716794096012867,0.003966795231744311,6.051014765998523e-07,2.633054194408683e-06,9.501941147152771e-09,0.15
42.49828632586796,0.7828631691607256,0.003966795232309341,6.037440611428517e-07,2.6330542033483417e-06,9.480466487966811e-09,0.15
42.49828632586796,0.7940469287201646,0.003966795232554632,6.031544878198983e-07,2.633054207231788e-06,9.4711375598446e-09,0.15
42.49828632586796,0.8052306882796034,0.003966795232657721,6.029067154632231e-07,2.633054208864132e-06,9.46721628727537e-09,0.15
42.49828632586796,0.8164144478390425,0.003966795232699822,6.028060685679232e-07,2.633054209527472e-06,9.465623144663896e-09,0.15
42.49828632586796,0.8275982073984814,0.003966795232716436,6.02766596493774e-07,2.6330542097877373e-06,9.464998225051143e-09,0.15
42.49828632586796,0.8387819669579203,0.003966795232723565,6.027516687388023e-07,2.6330542098867436e-06,9.464761846266716e-09,0.15
42.49828632586796,0.8499657265173592,0.003966795232727094,6.027462319031028e-07,2.633054209923431e-06,9.46467573898857e-09,0.15
42.49828632586796,0.8611494860767982,0.003966795232728912,6.027443276198461e-07,2.6330542099366656e-06,9.464645573890989e-09,0.15
42.49828632586796,0.8723332456362372,0.003966795232730731,6.027436871697192e-07,2.6330542099419185e-06,9.464635426884695e-09,0.15
42.49828632586796,0.883517005195676,0.003966795232732551,6.027434806873365e-07,2.6330542099444308e-06,9.464632154872069e-09,0.15
42.49828632586796,0.894700764755115,0.003966795232734369,6.027434169888165e-07,2.63305420994604e-06,9.464631145292227e-09,0.15
42.49828632586796,0.9058845243145539,0.003966795232736187,6.027433982243487e-07,2.6330542099473645e-06,9.464630847833193e-09,0.15
42.49828632586796,0.9170682838739929,0.003966795232738006,6.027433929585465e-07,2.6330542099486054e-06,9.464630764342865e-09,0.15
42.49828632586796,0.9282520434334317,0.003966795232739825,6.027433915553892e-07,2.6330542099498205e-06,9.464630742091154e-09,0.15
42.49828632586796,0.9394358029928708,0.003966795232741643,6.027433912026018e-07,2.633054209951029e-06,9.464630736495072e-09,0.15
42.49828632586796,0.9506195625523097,0.003966795232743462,6.027433911207347e-07,2.6330542099522366e-06,9.464630735195842e-09,0.15
42.49828632586796,0.9618033221117486,0.00396679523274528,6.027433911048694e-07,2.633054209953443e-06,9.464630734944145e-09,0.15
42.49828632586796,0.9729870816711875,0.0039667952327471,6.027433911011725e-07,2.63305420995465e-06,9.464630734886091e-09,0.15
42.49828632586796,0.9841708412306265,0.003966795232748918,6.027433910974756e-07,2.6330542099558564e-06,9.46463073482804e-09,0.15
42.49828632586796,0.9953546007900654,0.003966795232750737,6.027433910937788e-07,2.6330542099570634e-06,9.46463073476999e-09,0.15
42.49828632586796,1.0065383603495044,0.0039667952327525555,6.027433910900819e-07,2.63305420995827e-06,9.464630734711937e-09,0.15
42.49828632586796,1.0177221199089435,0.0039667952327543735,6.02743391086385e-07,2.6330542099594766e-06,9.464630734653885e-09,0.15
42.49828632586796,1.0289058794683823,0.003966795232756192,6.027433910826881e-07,2.6330542099606832e-06,9.464630734595832e-09,0.15
42.49828632586796,1.0400896390278211,0.00396679523275801,6.027433910789913e-07,2.63305420996189e-06,9.464630734537779e-09,0.15
42.49828632586796,1.05127339858726,0.00396679523275983,6.027433910752944e-07,2.633054209963097e-06,9.464630734479729e-09,0.15
42.49828632586796,1.062457158146699,0.003966795232761647,6.027433910715976e-07,2.6330542099643026e-06,9.464630734421676e-09,0.15
42.49828632586796,1.073640917706138,0.003966795232763466,6.027433910679007e-07,2.633054209965509e-06,9.464630734363623e-09,0.15
42.49828632586796,1.084824677265577,0.003966795232765282,6.027433910642039e-07,2.633054209966715e-06,9.464630734305573e-09,0.15
42.49828632586796,1.096008436825016,0.003966795232767099,6.02743391060507e-07,2.6330542099679207e-06,9.46463073424752e-09,0.15
42.49828632586796,1.1071921963844549,0.003966795232768917,6.027433910568101e-07,2.633054209969126e-06,9.46463073418947e-09,0.15
42.49828632586796,1.1183759559438937,0.0039667952327707345,6.027433910531132e-07,2.633054209970332e-06,9.464630734131416e-09,0.15
44.735038237755745,0.011183759559438938,0.00393991748151039,0.06456087154490973,2.2670378449270116e-06,0.0008791789678409328,0.15
44.735038237755745,0.022367519118877875,0.003940791670853024,0.06246108260093587,2.277397249489753e-06,0.0008542958761672239,0.15
44.735038237755745,0.03355127867831681,0.003941670125626713,0.060351047846236607,2.2878984438367975e-06,0.0008290722045454366,0.15
44.735038237755745,0.04473503823775575,0.003942552062557091,0.05823264869093334,2.2985344929911982e-06,0.0008035246105361998,0.15
44.735038237755745,0.055918797797194685,0.003943436679009935,0.05610781304577395,2.3092979506834697e-06,0.0007776709797892166,0.15
44.735038237755745,0.06710255735663362,0.003944323147712671,0.053978528000356484,2.3201807712303625e-06,0.0007515306377067275,0.15
44.735038237755745,0.07828631691607256,0.003945210611177862,0.05184685321833498,2.331174213887837e-06,0.0007251245791844914,0.15
44.735038237755745,0.0894700764755115,0.0039460981758377926,0.04971493502564634,2.342268739488178e-06,0.0006984757168856156,0.15
44.735038237755745,0.10065383603495043,0.003946984905908185,0.04758502114946566,2.3534538993041557e-06,0.0006716091481850892,0.15
44.735038237755745,0.11183759559438937,0.003947869817010822,0.04545947603735574,2.364718216286498e-06,0.0006445524404343081,0.15
44.735038237755745,0.12302135515382831,0.003948751869599978,0.04334079664604179,2.376049059111952e-06,0.0006173359334937954,0.15
44.735038237755745,0.13420511471326724,0.00394962996226249,0.04123162853483312,2.387432509883264e-06,0.0005899930575150696,0.15
44.735038237755745,0.1453888742727062,0.003950502924989345,0.039134782027458105,2.3988532268582625e-06,0.0005625606626631804,0.15
44.735038237755745,0.15657263383214512,0.0039513695125550485,0.037053248114796995,2.4102943042849314e-06,0.0005350793557914396,0.15
44.735038237755745,0.16775639339158407,0.0039522283981885025,0.03499021365705548,2.4217371323079994e-06,0.0005075938369453781,0.15
44.735038237755745,0.178940152951023,0.003953078167777894,0.03294907530454867,2.4331612610186214e-06,0.00048015322591752615,0.15
44.735038237755745,0.19012391251046193,0.003953917314919752,0.03093345138979865,2.444544274060834e-06,0.00045281136584840334,0.15
44.735038237755745,0.20130767206990086,0.003954744237204542,0.028947190849932913,2.455861678799951e-06,0.000425627087048931,0.15
44.735038237755745,0.2124914316293398,0.0039555572342216,0.026994378019920974,2.4670868218846336e-06,0.00039866440983115677,0.15
44.735038237755745,0.22367519118877874,0.0039563545078642355,0.025079331900558118,2.4781908410550715e-06,0.00037199266028006557,0.15
44.735038237755745,0.2348589507482177,0.0039571341656173585,0.023206598262621475,2.489142666175452e-06,0.0003456864677937876,0.15
44.735038237755745,0.24604271030765662,0.003957894227604823,0.02138093272047133,2.4999090845454332e-06,0.0003198256082316256,0.15
44.735038237755745,0.2572264698670956,0.00395863263825065,0.019607272724506523,2.5104548873378495e-06,0.00029449465220408156,0.15
44.735038237755745,0.2684102294265345,0.003959347283447379,0.01789069632406462,2.5207431151827305e-06,0.00026978237521913174,0.15
44.735038237755745,0.27959398898597343,0.0039600360141095825,0.016236365594703154,2.5307354210349132e-06,0.0002457808861206353,0.15
44.735038237755745,0.2907777485454124,0.003960696676885568,0.014649452871956115,2.5403925669799568e-06,0.0002225844338127434,0.15
44.735038237755745,0.3019615081048513,0.0039613271525808045,0.013135048460436564,2.5496750679507833e-06,0.00020028786110779407,0.15
44.735038237755745,0.31314526766429024,0.003961925402483198,0.011698049363931325,2.558543988849026e-06,0.00017898469009788702,0.15
44.735038237755745,0.32432902722372914,0.003962489522244582,0.010343029864550754,2.5669618918152447e-06,0.00015876484686535617,0.15
44.735038237755745,0.33551278678316815,0.003963017802262983,0.009074096486531605,2.574893917196612e-06,0.00013971206504364872,0.15
44.735038237755745,0.34669654634260705,0.003963508792639758,0.007894731971347156,2.5823089654350557e-06,0.00012190104695358128,0.15
44.735038237755745,0.357880305902046,0.0039639613698075815,0.00680763523677297,2.5891809286647425e-06,0.00010539450531598887,0.15
44.735038237755745,0.36906406546148496,0.0039643748009423295,0.005814566658324278,2.595489902143235e-06,9.024025337763645e-05,0.15
44.735038237755745,0.38024782502092386,0.003964748801421144,0.004916210052058126,2.6012232894768e-06,7.646855011240482e-05,0.15
44.735038237755745,0.3914315845803628,0.003965083580054565,0.004112064022658789,2.606376705317206e-06,6.408993186326204e-05,0.15
44.735038237755745,0.4026153441398017,0.003965379866789267,0.0034003754142211563,2.610954578316065e-06,5.309376393380955e-05,0.15
44.735038237755745,0.4137991036992407,0.003965638918213816,0.0027781260785378487,2.6149703684988525e-06,4.3447718320235005e-05,0.15
44.735038237755745,0.4249828632586796,0.003965862497576351,0.0022410808624314426,2.618446338171044e-06,3.50983238434172e-05,0.15
44.735038237755745,0.4361666228181186,0.003966052828107123,0.0017838997201010517,2.6214128529293028e-06,2.797264497068293e-05,0.15
44.735038237755745,0.4473503823775575,0.003966212521015521,0.0014003106557933065,2.6239072354442346e-06,2.1981034894077782e-05,0.15
44.735038237755745,0.45853414193699643,0.003966344482274055,0.001083333622799944,2.625972243032727e-06,1.7020792296457418e-05,0.15
44.735038237755745,0.4697179014964354,0.003966451804759518,0.0008255395968256396,2.6276542827973454e-06,1.2980448522660442e-05,0.15
44.735038237755745,0.4809016610558743,0.003966537654062018,0.0006193248617855656,2.6290015076688856e-06,9.744340868118411e-06,0.15
44.735038237755745,0.49208542061531324,0.003966605156957035,0.0004571789019490175,2.6300619475188883e-06,7.197101675965521e-06,0.15
44.735038237755745,0.5032691801747522,0.003966657301021068,0.00033192552933351295,2.630881819626167e-06,5.227716665352636e-06,0.15
44.735038237755745,0.5144529397341912,0.003966696852251752,0.0002369207657577444,2.6315041342935106e-06,3.732874337269324e-06,0.15
44.735038237755745,0.52563669929363,0.003966726295136964,0.00016619680462833205,2.631967669964953e-06,2.6194278554787335e-06,0.15
44.735038237755745,0.536820458853069,0.003966747796846041,0.00011454802955367044,2.632306345504997e-06,1.8059029441437299e-06,0.15
44.735038237755745,0.548004218412508,0.0039667631945691255,7.756143201657433e-05,2.63254897326408e-06,1.2230911272190032e-06,0.15
44.735038237755745,0.5591879779719469,0.003966774002889817,5.159890641136742e-05,2.632719341501206e-06,8.138518322423912e-07,0.15
44.735038237755745,0.5703717375313858,0.003966781436693006,3.3742230923294385e-05,2.6328365523665468e-06,5.323006181048028e-07,0.15
44.735038237755745,0.5815554970908248,0.0039667864445351924,2.1712912628050247e-05,2.6329155327373102e-06,3.4258218379626605e-07,0.15
44.735038237755745,0.5927392566502637,0.00396678974756614,1.3778699666325503e-05,2.6329676380878138e-06,2.174198900087873e-07,0.15
44.735038237755745,0.6039230162097026,0.003966791879778451,8.656901139114134e-06,2.6330012810178765e-06,1.3660603389222394e-07,0.15
44.735038237755745,0.6151067757691415,0.003966793226361271,5.4222611528816896e-06,2.633022532290638e-06,8.5558145146749e-08,0.15
44.735038237755745,0.6262905353285805,0.003966794058016748,3.4245294187987925e-06,2.6330356597381874e-06,5.402451639762526e-08,0.15
44.735038237755745,0.6374742948880194,0.003966794560101483,2.218462137406964e-06,2.6330435865106084e-06,3.498346774612738e-08,0.15
44.735038237755745,0.6486580544474583,0.003966794856271017,1.5070264064092444e-06,2.6330482632227657e-06,2.3749428826819823e-08,0.15
44.735038237755745,0.6598418140068973,0.00396679502689119,1.0971750564935193e-06,2.633050957922365e-06,1.7276416324111667e-08,0.15
44.735038237755745,0.6710255735663363,0.003966795122838617,8.666969688116239e-07,2.633052473547898e-06,1.363568369924804e-08,0.15
44.735038237755745,0.6822093331257751,0.003966795175479516,7.402466715276578e-07,2.633053305234822e-06,1.1637858312477996e-08,0.15
44.735038237755745,0.6933930926852141,0.0039667952036414175,6.725980638073092e-07,2.633053750251439e-06,1.0568865796809305e-08,0.15
44.735038237755745,0.704576852244653,0.0039667952183238325,6.373289028389596e-07,2.6330539823056836e-06,1.0011437840537933e-08,0.15
44.735038237755745,0.715760611804092,0.003966795225779131,6.19420255522635e-07,2.6330541001568673e-06,9.728341693615814e-09,0.15
44.735038237755745,0.7269443713635309,0.0039667952294635805,6.105694945653744e-07,2.6330541584111585e-06,9.58840580197797e-09,0.15
44.735038237755745,0.7381281309229699,0.003966795231234767,6.063149712400322e-07,2.633054186418734e-06,9.52112726334795e-09,0.15
44.735038237755745,0.7493118904824089,0.0039667952320620445,6.043272374479256e-07,2.633054199506149e-06,9.48968883626589e-09,0.15
44.735038237755745,0.7604956500418477,0.003966795232437789,6.03425317678449e-07,2.633054205445755e-06,9.475421356323834e-09,0.15
44.735038237755745,0.7716794096012867,0.003966795232603542,6.0302819515548e-07,2.6330542080616773e-06,9.469138161928274e-09,0.15
44.735038237755745,0.7828631691607256,0.003966795232674097,6.028586638273049e-07,2.633054209178474e-06,9.46645539834807e-09,0.15
44.735038237755745,0.7940469287201646,0.003966795232702719,6.027885600524244e-07,2.633054209639994e-06,9.465345839972256e-09,0.15
44.735038237755745,0.8052306882796034,0.00396679523271513,6.027605077277931e-07,2.6330542098253435e-06,9.464901767568381e-09,0.15
44.735038237755745,0.8164144478390425,0.0039667952327205585,6.027496566608385e-07,2.6330542098974675e-06,9.464729963509034e-09,0.15
44.735038237755745,0.8275982073984814,0.003966795232723458,6.027456038231601e-07,2.633054209924989e-06,9.46466578404055e-09,0.15
44.735038237755745,0.8387819669579203,0.003966795232725277,6.027441440029225e-07,2.6330542099354145e-06,9.464642662748208e-09,0.15
44.735038237755745,0.8499657265173592,0.003966795232727094,6.027436375701373e-07,2.6330542099398195e-06,9.46463464023827e-09,0.15
44.735038237755745,0.8611494860767982,0.003966795232728912,6.027434686007942e-07,2.633054209942093e-06,9.464631963092423e-09,0.15
44.735038237755745,0.8723332456362372,0.003966795232730731,6.027434144653133e-07,2.6330542099436418e-06,9.464631105221775e-09,0.15
44.735038237755745,0.883517005195676,0.003966795232732551,6.027433978392042e-07,2.6330542099449542e-06,9.46463084170615e-09,0.15
44.735038237755745,0.894700764755115,0.003966795232734369,6.027433929544162e-07,2.6330542099461913e-06,9.464630764270895e-09,0.15
44.735038237755745,0.9058845243145539,0.003966795232736187,6.027433915853834e-07,2.6330542099474064e-06,9.464630742564397e-09,0.15
44.735038237755745,0.9170682838739929,0.003966795232738006,6.027433912214679e-07,2.633054209948616e-06,9.464630736793072e-09,0.15
44.735038237755745,0.9282520434334317,0.003966795232739825,6.027433911311745e-07,2.633054209949823e-06,9.464630735360354e-09,0.15
44.735038237755745,0.9394358029928708,0.003966795232741643,6.02743391112263e-07,2.6330542099510296e-06,9.464630735060248e-09,0.15
44.735038237755745,0.9506195625523097,0.003966795232743462,6.027433911085661e-07,2.6330542099522366e-06,9.464630735002196e-09,0.15
44.735038237755745,0.9618033221117486,0.00396679523274528,6.027433911048694e-07,2.633054209953443e-06,9.464630734944145e-09,0.15
44.735038237755745,0.9729870816711875,0.0039667952327471,6.027433911011725e-07,2.63305420995465e-06,9.464630734886091e-09,0.15
44.735038237755745,0.9841708412306265,0.003966795232748918,6.027433910974756e-07,2.6330542099558564e-06,9.46463073482804e-09,0.15
44.735038237755745,0.9953546007900654,0.003966795232750737,6.027433910937788e-07,2.6330542099570634e-06,9.46463073476999e-09,0.15
44.735038237755745,1.0065383603495044,0.0039667952327525555,6.027433910900819e-07,2.63305420995827e-06,9.464630734711937e-09,0.15
44.735038237755745,1.0177221199089435,0.0039667952327543735,6.02743391086385e-07,2.6330542099594766e-06,9.464630734653885e-09,0.15
44.735038237755745,1.0289058794683823,0.003966795232756192,6.027433910826881e-07,2.6330542099606832e-06,9.464630734595832e-09,0.15
44.735038237755745,1.0400896390278211,0.00396679523275801,6.027433910789913e-07,2.63305420996189e-06,9.464630734537779e-09,0.15
44.735038237755745,1.05127339858726,0.00396679523275983,6.027433910752944e-07,2.633054209963097e-06,9.464630734479729e-09,0.15
44.735038237755745,1.062457158146699,0.003966795232761647,6.027433910715976e-07,2.6330542099643026e-06,9.464630734421676e-09,0.15
44.735038237755745,1.073640917706138,0.003966795232763466,6.027433910679007e-07,2.633054209965509e-06,9.464630734363623e-09,0.15
44.735038237755745,1.084824677265577,0.003966795232765282,6.027433910642039e-07,2.633054209966715e-06,9.464630734305573e-09,0.15
44.735038237755745,1.096008436825016,0.003966795232767099,6.02743391060507e-07,2.6330542099679207e-06,9.46463073424752e-09,0.15
44.735038237755745,1.1071921963844549,0.003966795232768917,6.027433910568101e-07,2.633054209969126e-06,9.46463073418947e-09,0.15
44.735038237755745,1.1183759559438937,0.0039667952327707345,6.027433910531132e-07,2.633054209970332e-06,9.464630734131416e-09,0.15
46.97179014964354,0.011183759559438938,0.003943957154217135,0.054857626354809154,2.315681372962779e-06,0.0007623379552206625,0.15
46.97179014964354,0.022367519118877875,0.003944809506376349,0.05281028863897314,2.32619888798538e-06,0.0007370750677480936,0.15
46.97179014964354,0.03355127867831681,0.003945662364571416,0.05076173513840517,2.3368142272084847e-06,0.0007115772045971499,0.15
46.97179014964354,0.04473503823775575,0.0039465149316000574,0.048713880710989775,2.3475187096244356e-06,0.0006858652171687564,0.15
46.97179014964354,0.055918797797194685,0.003947366371395819,0.04666873356475097,2.3583028332160975e-06,0.0006599619288854701,0.15
46.97179014964354,0.06710255735663362,0.003948215803550316,0.044628408413876046,2.3691561726367167e-06,0.0006338923809606009,0.15
46.97179014964354,0.07828631691607256,0.003949062297676194,0.04259514001970409,2.380067270964343e-06,0.0006076840924018462,0.15
46.97179014964354,0.0894700764755115,0.0039499048676656144,0.040571296981665485,2.3910235262333792e-06,0.0005813673325599239,0.15
46.97179014964354,0.10065383603495043,0.003950742465925217,0.03855939558500207,2.4020110738823253e-06,0.000554975403487181,0.15
46.97179014964354,0.11183759559438937,0.003951573977698324,0.036562113438415735,2.413014666817719e-06,0.0005285449280225137,0.15
46.97179014964354,0.12302135515382831,0.003952398215624185,0.03458230254336802,2.424017555503816e-06,0.0005021161378160673,0.15
46.97179014964354,0.13420511471326724,0.003953213914729034,0.03262300132552056,2.4350013713638434e-06,0.0004757331534005309,0.15
46.97179014964354,0.1453888742727062,0.003954019728099583,0.030687445026453347,2.445946017840229e-06,0.0004494442458670443,0.15
46.97179014964354,0.15657263383214512,0.003954814223554773,0.028779073700027916,2.456829574715521e-06,0.0004233020666927174,0.15
46.97179014964354,0.16775639339158407,0.0039555958817005365,0.02690153688428951,2.467628222733053e-06,0.0003973638288094985,0.15
46.97179014964354,0.178940152951023,0.003956363095834912,0.025058693831126435,2.478316197155249e-06,0.0003716914181696683,0.15
46.97179014964354,0.19012391251046193,0.003957114174248241,0.023254607980812185,2.488865780585806e-06,0.00034635141100230587,0.15
46.97179014964354,0.20130767206990086,0.003957847345545114,0.02149353418119252,2.4992473470623108e-06,0.00032141496792452613,0.15
46.97179014964354,0.2124914316293398,0.003958560767676633,0.01977989699311096,2.5094294709219755e-06,0.0002969575724719188,0.15
46.97179014964354,0.22367519118877874,0.003959252541415704,0.018118258324512717,2.5193791150267676e-06,0.00027305857901361485,0.15
46.97179014964354,0.2348589507482177,0.003959920729007266,0.01651327263464986,2.5290619132835136e-06,0.0002498005341763661,0.15
46.97179014964354,0.24604271030765662,0.003960563378665298,0.014969628095053924,2.5384425616206996e-06,0.00022726823776101292,0.15
46.97179014964354,0.2572264698670956,0.0039611785554433555,0.013491972440033402,2.5474853292356274e-06,0.00020554751477240386,0.15
46.97179014964354,0.2684102294265345,0.0039617643787563436,0.012084822842474752,2.556154697541578e-06,0.00018472368071676892,0.15
46.97179014964354,0.27959398898597343,0.003962319066451232,0.010752460058803537,2.5644161274163448e-06,0.0001648796987180041,0.15
46.97179014964354,0.2907777485454124,0.00396284098480823,0.009498808327309852,2.572236945850239e-06,0.0001460940498307036,0.15
46.97179014964354,0.3019615081048513,0.003963328703205774,0.008327304065356493,2.5795873309894758e-06,0.0001284383669992649,0.15
46.97179014964354,0.31314526766429024,0.003963781051424635,0.007240758224641909,2.5864413604054688e-06,0.00011197491713249283,0.15
46.97179014964354,0.32432902722372914,0.003964197176769023,0.006241219086505084,2.5927780723359824e-06,9.675405200117531e-05,0.15
46.97179014964354,0.33551278678316815,0.00396457659742847,0.0053298440850427405,2.5985824754250065e-06,8.281178281740152e-05,0.15
46.97179014964354,0.34669654634260705,0.003964919247927817,0.0045067906327621865,2.6038464315128093e-06,7.016765972040341e-05,0.15
46.97179014964354,0.357880305902046,0.003965225512254275,0.0037711365449098993,2.6085693309830235e-06,5.882314951385284e-05,0.15
46.97179014964354,0.36906406546148496,0.003965496240448999,0.003120840180363147,2.6127584835964303e-06,4.876069677995911e-05,0.15
46.97179014964354,0.38024782502092386,0.0039657327452089835,0.0025527485974567877,2.6164291613869203e-06,3.9943620723232234e-05,0.15
46.97179014964354,0.3914315845803628,0.003965936776384932,0.002062658801478472,2.6196042543666643e-06,3.231694203751857e-05,0.15
46.97179014964354,0.4026153441398017,0.00396611047310889,0.0016454327284612178,2.622313532843522e-06,2.580915469624563e-05,0.15
46.97179014964354,0.4137991036992407,0.0039662562954347145,0.0012951614379727733,2.6245925483669757e-06,2.0334865771946904e-05,0.15
46.97179014964354,0.4249828632586796,0.003966376939544356,0.0010053687828481836,2.6264812433181e-06,1.5798135120573656e-05,0.15
46.97179014964354,0.4361666228181186,0.003966475242408584,0.0007692404120117502,2.6280223708512903e-06,1.2096270636755027e-05,0.15
46.97179014964354,0.4473503823775575,0.003966554082975463,0.000579861115297122,2.629259846802528e-06,9.123786963963463e-06,0.15
46.97179014964354,0.45853414193699643,0.003966616287272714,0.0004304427699369555,2.6302371597366294e-06,6.776224592586251e-06,0.15
46.97179014964354,0.4697179014964354,0.00396666454418232,0.0003145266532164659,2.630995953770704e-06,4.953553980125311e-06,0.15
46.97179014964354,0.4809016610558743,0.003966701337194163,0.00022614737570990075,2.6315748734721062e-06,3.5629501907248543e-06,0.15
46.97179014964354,0.49208542061531324,0.00396672889542779,0.0001599505327784884,2.6320087257203894e-06,2.520806197491382e-06,0.15
46.97179014964354,0.5032691801747522,0.003966749164982437,0.00011126152736367316,2.632327975967606e-06,1.753942959531024e-06,0.15
46.97179014964354,0.5144529397341912,0.003966763799588848,7.610802984243812e-05,2.632558561743082e-06,1.2000574688157345e-06,0.15
46.97179014964354,0.52563669929363,0.003966774167878084,5.120252235326868e-05,2.632721979133831e-06,8.075150935679403e-07,0.15
46.97179014964354,0.536820458853069,0.003966781373524175,3.389391952783549e-05,2.6328355809130646e-06,5.346335246002651e-07,0.15
46.97179014964354,0.548004218412508,0.0039667862840936504,2.209827321031921e-05,2.6329130184083934e-06,3.4862143934623646e-07,0.15
46.97179014964354,0.5591879779719469,0.003966789564576239,1.4218233304711957e-05,2.632964761738643e-06,2.243289083415557e-07,0.15
46.97179014964354,0.5703717375313858,0.003966791712124015,9.059604415290008e-06,2.6329986422141278e-06,1.4294455094820767e-07,0.15
46.97179014964354,0.5815554970908248,0.003966793089320752,5.751431260176037e-06,2.6330203736124643e-06,9.074342150275229e-08,0.15
46.97179014964354,0.5927392566502637,0.003966793954171641,3.673963625337863e-06,2.633034023040755e-06,5.795598442798867e-08,0.15
46.97179014964354,0.6039230162097026,0.003966794485810159,2.396906704296454e-06,2.633042415105521e-06,3.7797280111777804e-08,0.15
46.97179014964354,0.6151067757691415,0.003966794805590882,1.6287552262220353e-06,2.633047463836162e-06,2.566962704895639e-08,0.15
46.97179014964354,0.6262905353285805,0.003966794993726725,1.1768298888997977e-06,2.633050434665364e-06,1.8533328479141058e-08,0.15
46.97179014964354,0.6374742948880194,0.0039667951019417905,9.168837221482185e-07,2.6330521437725935e-06,1.4427834685605152e-08,0.15
46.97179014964354,0.6486580544474583,0.003966795162770006,7.707665813931122e-07,2.633053104635493e-06,1.2119715312577331e-08,0.15
46.97179014964354,0.6598418140068973,0.003966795196167706,6.905408317422067e-07,2.63305363228797e-06,1.0852222212110265e-08,0.15
46.97179014964354,0.6710255735663363,0.00396679521406983,6.475372943179859e-07,2.6330539151742944e-06,1.0172689430936747e-08,0.15
46.97179014964354,0.6822093331257751,0.0039667952234333755,6.250444892520116e-07,2.6330540631616716e-06,9.817202196210364e-09,0.15
46.97179014964354,0.6933930926852141,0.003966795228209576,6.135711204085311e-07,2.6330541386613363e-06,9.635840615307457e-09,0.15
46.97179014964354,0.704576852244653,0.003966795230584023,6.078669588577784e-07,2.6330541762033883e-06,9.54565860503779e-09,0.15
46.97179014964354,0.715760611804092,0.003966795231733821,6.051046153532665e-07,2.633054194386806e-06,9.501978933494774e-09,0.15
46.97179014964354,0.7269443713635309,0.003966795232276033,6.038024538232639e-07,2.6330542029599906e-06,9.481384968641159e-09,0.15
46.97179014964354,0.7381281309229699,0.00396679523252516,6.0320534521444e-07,2.633054206892232e-06,9.47193997402525e-09,0.15
46.97179014964354,0.7493118904824089,0.003966795232635887,6.029391958312912e-07,2.633054208645029e-06,9.467729345004226e-09,0.15
46.97179014964354,0.7604956500418477,0.003966795232684882,6.028239714089703e-07,2.633054209404699e-06,9.465906125099264e-09,0.15
46.97179014964354,0.7716794096012867,0.003966795232705507,6.02775559399512e-07,2.633054209723958e-06,9.465139963300159e-09,0.15
46.97179014964354,0.7828631691607256,0.003966795232714403,6.02755836484142e-07,2.633054209854376e-06,9.464827778865711e-09,0.15
46.97179014964354,0.7940469287201646,0.0039667952327180015,6.027480526472728e-07,2.6330542099059107e-06,9.464704551690077e-09,0.15
46.97179014964354,0.8052306882796034,0.003966795232719821,6.027450796883979e-07,2.633054209925887e-06,9.464657478438453e-09,0.15
46.97179014964354,0.8164144478390425,0.00396679523272164,6.027439819611166e-07,2.633054209934026e-06,9.46464009433947e-09,0.15
46.97179014964354,0.8275982073984814,0.003966795232723459,6.027435905668767e-07,2.633054209937704e-06,9.46463389501299e-09,0.15
46.97179014964354,0.8387819669579203,0.003966795232725277,6.027434559764923e-07,2.633054209939761e-06,9.464631762869556e-09,0.15
46.97179014964354,0.8499657265173592,0.003966795232727094,6.027434113995195e-07,2.6330542099412485e-06,9.464631056575885e-09,0.15
46.97179014964354,0.8611494860767982,0.003966795232728912,6.027433972006703e-07,2.633054209942544e-06,9.464630831566526e-09,0.15
46.97179014964354,0.8723332456362372,0.003966795232730731,6.027433928589383e-07,2.6330542099437786e-06,9.464630762751303e-09,0.15
46.97179014964354,0.883517005195676,0.003966795232732551,6.027433915877435e-07,2.6330542099449936e-06,9.464630742599544e-09,0.15
46.97179014964354,0.894700764755115,0.003966795232734369,6.027433912332935e-07,2.6330542099462024e-06,9.464630736979156e-09,0.15
46.97179014964354,0.9058845243145539,0.003966795232736187,6.027433911408247e-07,2.6330542099474094e-06,9.464630735512381e-09,0.15
46.97179014964354,0.9170682838739929,0.003966795232738006,6.027433911196568e-07,2.6330542099486164e-06,9.464630735176352e-09,0.15
46.97179014964354,0.9282520434334317,0.003966795232739825,6.027433911159599e-07,2.633054209949823e-06,9.4646307351183e-09,0.15
46.97179014964354,0.9394358029928708,0.003966795232741643,6.02743391112263e-07,2.6330542099510296e-06,9.464630735060248e-09,0.15
46.97179014964354,0.9506195625523097,0.003966795232743462,6.027433911085661e-07,2.6330542099522366e-06,9.464630735002196e-09,0.15
46.97179014964354,0.9618033221117486,0.00396679523274528,6.027433911048694e-07,2.633054209953443e-06,9.464630734944145e-09,0.15
46.97179014964354,0.9729870816711875,0.0039667952327471,6.027433911011725e-07,2.63305420995465e-06,9.464630734886091e-09,0.15
46.97179014964354,0.9841708412306265,0.003966795232748918,6.027433910974756e-07,2.6330542099558564e-06,9.46463073482804e-09,0.15
46.97179014964354,0.9953546007900654,0.003966795232750737,6.027433910937788e-07,2.6330542099570634e-06,9.46463073476999e-09,0.15
46.97179014964354,1.0065383603495044,0.0039667952327525555,6.027433910900819e-07,2.63305420995827e-06,9.464630734711937e-09,0.15
46.97179014964354,1.0177221199089435,0.0039667952327543735,6.02743391086385e-07,2.6330542099594766e-06,9.464630734653885e-09,0.15
46.97179014964354,1.0289058794683823,0.003966795232756192,6.027433910826881e-07,2.6330542099606832e-06,9.464630734595832e-09,0.15
46.97179014964354,1.0400896390278211,0.00396679523275801,6.027433910789913e-07,2.63305420996189e-06,9.464630734537779e-09,0.15
46.97179014964354,1.05127339858726,0.00396679523275983,6.027433910752944e-07,2.633054209963097e-06,9.464630734479729e-09,0.15
46.97179014964354,1.062457158146699,0.003966795232761647,6.027433910715976e-07,2.6330542099643026e-06,9.464630734421676e-09,0.15
46.97179014964354,1.073640917706138,0.003966795232763466,6.027433910679007e-07,2.633054209965509e-06,9.464630734363623e-09,0.15
46.97179014964354,1.084824677265577,0.003966795232765282,6.027433910642039e-07,2.633054209966715e-06,9.464630734305573e-09,0.15
46.97179014964354,1.096008436825016,0.003966795232767099,6.02743391060507e-07,2.6330542099679207e-06,9.46463073424752e-09,0.15
46.97179014964354,1.1071921963844549,0.003966795232768917,6.027433910568101e-07,2.633054209969126e-06,9.46463073418947e-09,0.15
46.97179014964354,1.1183759559438937,0.0039667952327707345,6.027433910531132e-07,2.633054209970332e-06,9.464630734131416e-09,0.15
49.208542061531325,0.011183759559438938,0.003947719285877911,0.04582102612896303,2.362805818801994e-06,0.0006491456835972087,0.15
49.208542061531325,0.022367519118877875,0.003948535995142825,0.043859300933455005,2.373277404674839e-06,0.0006239931002422319,0.15
49.208542061531325,0.03355127867831681,0.003949349731354079,0.041904716660057524,2.3837993796265955e-06,0.0005987194789081796,0.15
49.208542061531325,0.04473503823775575,0.003950159607170814,0.03995940467264921,2.39436028834899e-06,0.0005733523347324676,0.15
49.208542061531325,0.055918797797194685,0.003950964679938668,0.0380256291963311,2.4049475507362944e-06,0.0005479218845692782,0.15
49.208542061531325,0.06710255735663362,0.003951763946786035,0.03610579909549561,2.4155473585413714e-06,0.0005224612952201773,0.15
49.208542061531325,0.07828631691607256,0.003952556339913103,0.034202479190181774,2.4261445720042846e-06,0.0004970069317322887,0.15
49.208542061531325,0.0894700764755115,0.003953340722231934,0.032318400728054184,2.4367226191264886e-06,0.0004715985993421725,0.15
49.208542061531325,0.10065383603495043,0.003954115883562169,0.030456470523107387,2.4472634011114856e-06,0.00044627977061008524,0.15
49.208542061531325,0.11183759559438937,0.003954880537636398,0.028619778149036844,2.457747208489333e-06,0.00042109778689321557,0.15
49.208542061531325,0.12302135515382831,0.003955633320228117,0.026811600436139216,2.4681526535882907e-06,0.0003961040205553091,0.15
49.208542061531325,0.13420511471326724,0.003956372788778266,0.02503540236889536,2.4784566262897315e-06,0.00037135398125288244,0.15
49.208542061531325,0.1453888742727062,0.003957097423962287,0.02329483332311509,2.4886342813594993e-06,0.00034690734637847547,0.15
49.208542061531325,0.15657263383214512,0.003957805633703234,0.0215937174270373,2.4986590670128027e-06,0.0003228278924643679,0.15
49.208542061531325,0.16775639339158407,0.003958495760193927,0.019936036695363882,2.508502805623577e-06,0.0002991833013398382,0.15
49.208542061531325,0.178940152951023,0.00395916609052988,0.018325905490510046,2.5181358384604935e-06,0.0002760448125010965,0.15
49.208542061531325,0.19012391251046193,0.003959814871565459,0.016767534840002842,2.527527246792841e-06,0.00025348669204551115,0.15
49.208542061531325,0.20130767206990086,0.0039604403295724405,0.015265185218378205,2.5366451613727676e-06,0.00023158548932996462,0.15
49.208542061531325,0.2124914316293398,0.0039610406951865375,0.013823106627433171,2.545457170829191e-06,0.0002104190560469229,0.15
49.208542061531325,0.22367519118877874,0.003961614233954798,0.012445465223844014,2.5539308365438962e-06,0.00019006530953289853,0.15
49.208542061531325,0.2348589507482177,0.003962159282527357,0.011136256388453215,2.5620343167855055e-06,0.00017060073363929965,0.15
49.208542061531325,0.24604271030765662,0.003962674290161848,0.00989920503512309,2.5697370960157515e-06,0.00015209862697732746,0.15
49.208542061531325,0.2572264698670956,0.0039631578647217934,0.008737655123326207,2.577010806305677e-06,0.0001346271299078101,0.15
49.208542061531325,0.2684102294265345,0.003963608821771538,0.007654451734033381,2.583830116970326e-06,0.00011824708766127388,0.15
49.208542061531325,0.27959398898597343,0.003964026234726541,0.00665182060790944,2.590173656515151e-06,0.00010300983582971078,0.15
49.208542061531325,0.2907777485454124,0.003964409483380944,0.005731251582073411,2.596024918949603e-06,8.895502339132136e-05,0.15
49.208542061531325,0.3019615081048513,0.003964758297579027,0.004893393688674394,2.601373096091941e-06,7.61086134822197e-05,0.15
49.208542061531325,0.31314526766429024,0.003965072792441104,0.004137970539491278,2.606213770663401e-06,6.448121853023157e-05,0.15
49.208542061531325,0.32432902722372914,0.003965353491501095,0.0034637247449172716,2.610549403818674e-06,5.406692913059949e-05,0.15
49.208542061531325,0.33551278678316815,0.003965601334466545,0.00286839926864813,2.614389557035263e-06,4.4842780973489344e-05,0.15
49.208542061531325,0.34669654634260705,0.003965817667124953,0.002348761667038936,2.617750802911618e-06,3.676896900124617e-05,0.15
49.208542061531325,0.357880305902046,0.00396600421218024,0.0019006741331571476,2.620656302050243e-06,2.9789863625703915e-05,0.15
49.208542061531325,0.36906406546148496,0.003966163021416706,0.001519208393452611,2.623135051922925e-06,2.3835814851634865e-05,0.15
49.208542061531325,0.38024782502092386,0.003966296411366685,0.0011988002289048854,2.6252208450209573e-06,1.882565471379785e-05,0.15
49.208542061531325,0.3914315845803628,0.003966406886361043,0.0009334343050398334,2.626951003239322e-06,1.466973722565947e-05,0.15
49.208542061531325,0.4026153441398017,0.00396649705419541,0.0007168467382392648,2.6283649786559117e-06,1.1273299276058907e-05,0.15
49.208542061531325,0.4137991036992407,0.003966569540427471,0.0005427309556046469,2.6295029237591686e-06,8.539894945453447e-06,0.15
49.208542061531325,0.4249828632586796,0.003966626907375243,0.0004049322623858667,2.6304043345360576e-06,6.374654840190863e-06,0.15
49.208542061531325,0.4361666228181186,0.003966671583215278,0.00029761815167200594,2.631106857697115e-06,4.687151194664299e-06,0.15
49.208542061531325,0.4473503823775575,0.003966705805285456,0.00021541449498316208,2.6316453309383433e-06,3.393703235008525e-06,0.15
49.208542061531325,0.45853414193699643,0.003966731580011118,0.00015350180526312293,2.6320510964774634e-06,2.4190261461168188e-06,0.15
49.208542061531325,0.4697179014964354,0.0039667506600663096,0.00010767010115059073,2.6323515978667913e-06,1.6971996070627766e-06,0.15
49.208542061531325,0.4809016610558743,0.003966764537727084,7.433487476834324e-05,2.632570242740248e-06,1.171997542733072e-06,0.15
49.208542061531325,0.49208542061531324,0.003966774452085377,5.051976897488453e-05,2.6327264930647265e-06,7.96671399104317e-07,0.15
49.208542061531325,0.5032691801747522,0.00396678140697621,3.38135186540608e-05,2.632836131426269e-06,5.333105663610432e-07,0.15
49.208542061531325,0.5144529397341912,0.003966786196163794,2.230945496835019e-05,2.632911647083755e-06,3.5191510470624275e-07,0.15
49.208542061531325,0.52563669929363,0.003966789432461191,1.4535560998183641e-05,2.632962687831694e-06,2.2931038307048542e-07,0.15
49.208542061531325,0.536820458853069,0.00396679157791022,9.381979392099173e-06,2.632996531187971e-06,1.480152874881187e-07,0.15
49.208542061531325,0.548004218412508,0.003966792972789876,6.031334072214214e-06,2.633018538841236e-06,9.515063197380838e-08,0.15
49.208542061531325,0.5591879779719469,0.00396679386192061,3.895546179279046e-06,2.633032569595508e-06,6.144725332562832e-08,0.15
49.208542061531325,0.5703717375313858,0.003966794417391634,2.5612424509325326e-06,2.6330413366332758e-06,4.038785079861612e-08,0.15
49.208542061531325,0.5815554970908248,0.003966794757388336,1.7445307373540583e-06,2.63304670374496e-06,2.7495427817475404e-08,0.15
49.208542061531325,0.5927392566502637,0.003966794961209652,1.254927563308874e-06,2.6330499217642784e-06,1.976536021641825e-08,0.15
49.208542061531325,0.6039230162097026,0.003966795080834794,9.675734157940056e-07,2.63305181077188e-06,1.5227730291190438e-08,0.15
49.208542061531325,0.6151067757691415,0.0039667951495451085,8.025228631962749e-07,2.63305289595868e-06,1.2620973122269675e-08,0.15
49.208542061531325,0.6262905353285805,0.0039667951881522615,7.097838026772577e-07,2.6330535058059794e-06,1.1156039735442122e-08,0.15
49.208542061531325,0.6374742948880194,0.003966795209363747,6.588313070789258e-07,2.633053840921454e-06,1.0351047055418596e-08,0.15
49.208542061531325,0.6486580544474583,0.003966795220754004,6.314706489475881e-07,2.6330540209021637e-06,9.91870841484281e-09,0.15
49.208542061531325,0.6598418140068973,0.003966795226729136,6.171178367997112e-07,2.6330541153314477e-06,9.691875877632624e-09,0.15
49.208542061531325,0.6710255735663363,0.003966795229789716,6.097663173145287e-07,2.6330541637060592e-06,9.57567320415243e-09,0.15
49.208542061531325,0.6822093331257751,0.0039667952313195715,6.060916699800483e-07,2.6330541878899434e-06,9.517580021748788e-09,0.15
49.208542061531325,0.6933930926852141,0.0039667952320655685,6.043002013135313e-07,2.6330541996821057e-06,9.489253772877709e-09,0.15
49.208542061531325,0.704576852244653,0.003966795232420054,6.034488648046927e-07,2.633054205286819e-06,9.475790479324979e-09,0.15
49.208542061531325,0.715760611804092,0.003966795232584503,6.030547513355134e-07,2.6330542078820843e-06,9.469556843740565e-09,0.15
49.208542061531325,0.7269443713635309,0.003966795232657779,6.02877134670186e-07,2.633054209051332e-06,9.46674705417757e-09,0.15
49.208542061531325,0.7381281309229699,0.00396679523268956,6.027992616940206e-07,2.63305420956382e-06,9.4655149521076e-09,0.15
49.208542061531325,0.7493118904824089,0.003966795232703775,6.027660713983154e-07,2.6330542097827237e-06,9.464989732713781e-09,0.15
49.208542061531325,0.7604956500418477,0.003966795232710837,6.027523303971603e-07,2.633054209874149e-06,9.464772253567696e-09,0.15
49.208542061531325,0.7716794096012867,0.003966795232714366,6.027468089946215e-07,2.633054209911353e-06,9.464684852213317e-09,0.15
49.208542061531325,0.7828631691607256,0.003966795232716184,6.027446575885198e-07,2.633054209926141e-06,9.464650790964872e-09,0.15
49.208542061531325,0.7940469287201646,0.003966795232718003,6.027438454493451e-07,2.6330542099324753e-06,9.464637931054112e-09,0.15
49.208542061531325,0.8052306882796034,0.003966795232719821,6.027435487349248e-07,2.633054209935555e-06,9.464633231946289e-09,0.15
49.208542061531325,0.8164144478390425,0.00396679523272164,6.027434439305655e-07,2.6330542099374237e-06,9.464631571880345e-09,0.15
49.208542061531325,0.8275982073984814,0.003966795232723459,6.027434081832547e-07,2.633054209938856e-06,9.464631005564519e-09,0.15
49.208542061531325,0.8387819669579203,0.003966795232725277,6.027433964245861e-07,2.6330542099401367e-06,9.464630819251508e-09,0.15
49.208542061531325,0.8499657265173592,0.003966795232727094,6.027433927004797e-07,2.6330542099413666e-06,9.464630760234302e-09,0.15
49.208542061531325,0.8611494860767982,0.003966795232728912,6.027433915676577e-07,2.6330542099425796e-06,9.464630742278821e-09,0.15
49.208542061531325,0.8723332456362372,0.003966795232730731,6.027433912385392e-07,2.6330542099437887e-06,9.46463073706102e-09,0.15
49.208542061531325,0.883517005195676,0.003966795232732551,6.027433911488015e-07,2.633054209944996e-06,9.464630735637769e-09,0.15
49.208542061531325,0.894700764755115,0.003966795232734369,6.027433911270505e-07,2.633054209946203e-06,9.464630735292455e-09,0.15
49.208542061531325,0.9058845243145539,0.003966795232736187,6.027433911233536e-07,2.6330542099474094e-06,9.464630735234405e-09,0.15
49.208542061531325,0.9170682838739929,0.003966795232738006,6.027433911196568e-07,2.6330542099486164e-06,9.464630735176352e-09,0.15
49.208542061531325,0.9282520434334317,0.003966795232739825,6.027433911159599e-07,2.633054209949823e-06,9.4646307351183e-09,0.15
49.208542061531325,0.9394358029928708,0.003966795232741643,6.02743391112263e-07,2.6330542099510296e-06,9.464630735060248e-09,0.15
49.208542061531325,0.9506195625523097,0.003966795232743462,6.027433911085661e-07,2.6330542099522366e-06,9.464630735002196e-09,0.15
49.208542061531325,0.9618033221117486,0.00396679523274528,6.027433911048694e-07,2.633054209953443e-06,9.464630734944145e-09,0.15
49.208542061531325,0.9729870816711875,0.0039667952327471,6.027433911011725e-07,2.63305420995465e-06,9.464630734886091e-09,0.15
49.208542061531325,0.9841708412306265,0.003966795232748918,6.027433910974756e-07,2.6330542099558564e-06,9.46463073482804e-09,0.15
49.208542061531325,0.9953546007900654,0.003966795232750737,6.027433910937788e-07,2.6330542099570634e-06,9.46463073476999e-09,0.15
49.208542061531325,1.0065383603495044,0.0039667952327525555,6.027433910900819e-07,2.63305420995827e-06,9.464630734711937e-09,0.15
49.208542061531325,1.0177221199089435,0.0039667952327543735,6.02743391086385e-07,2.6330542099594766e-06,9.464630734653885e-09,0.15
49.208542061531325,1.0289058794683823,0.003966795232756192,6.027433910826881e-07,2.6330542099606832e-06,9.464630734595832e-09,0.15
49.208542061531325,1.0400896390278211,0.00396679523275801,6.027433910789913e-07,2.63305420996189e-06,9.464630734537779e-09,0.15
49.208542061531325,1.05127339858726,0.00396679523275983,6.027433910752944e-07,2.633054209963097e-06,9.464630734479729e-09,0.15
49.208542061531325,1.062457158146699,0.003966795232761647,6.027433910715976e-07,2.6330542099643026e-06,9.464630734421676e-09,0.15
49.208542061531325,1.073640917706138,0.003966795232763466,6.027433910679007e-07,2.633054209965509e-06,9.464630734363623e-09,0.15
49.208542061531325,1.084824677265577,0.003966795232765282,6.027433910642039e-07,2.633054209966715e-06,9.464630734305573e-09,0.15
49.208542061531325,1.096008436825016,0.003966795232767099,6.02743391060507e-07,2.6330542099679207e-06,9.46463073424752e-09,0.15
49.208542061531325,1.1071921963844549,0.003966795232768917,6.027433910568101e-07,2.633054209969126e-06,9.46463073418947e-09,0.15
49.208542061531325,1.1183759559438937,0.0039667952327707345,6.027433910531132e-07,2.633054209970332e-06,9.464630734131416e-09,0.15
51.44529397341911,0.011183759559438938,0.003951171483919076,0.03752887839718599,2.4076865046272288e-06,0.0005413428238488429,0.15
51.44529397341911,0.022367519118877875,0.003951941004134106,0.03568049945989273,2.417912427870548e-06,0.0005167802999419658,0.15
51.44529397341911,0.03355127867831681,0.003952704023911934,0.03384773413447484,2.4281343074314876e-06,0.0004922274837339272,0.15
51.44529397341911,0.04473503823775575,0.003953459516571096,0.03203304847585273,2.438337131602488e-06,0.00046772043271528925,0.15
51.44529397341911,0.055918797797194685,0.0039542063899468995,0.03023906582910993,2.4485045328560706e-06,0.00044329846101666203,0.15
51.44529397341911,0.06710255735663362,0.003954943483687004,0.028468573322961092,2.4586187138988198e-06,0.00041900431702875096,0.15
51.44529397341911,0.07828631691607256,0.003955669567466057,0.026724526161363966,2.468660386977198e-06,0.0003948843291968253,0.15
51.44529397341911,0.0894700764755115,0.003956383340421278,0.025010048978082417,2.4786087320497575e-06,0.0003709885064977143,0.15
51.44529397341911,0.10065383603495043,0.0039570834321718314,0.02332843338979133,2.4884413805422188e-06,0.00034737057747114767,0.15
51.44529397341911,0.11183759559438937,0.003957768405833223,0.02168313075525699,2.49813443251546e-06,0.00032408794899518124,0.15
51.44529397341911,0.12302135515382831,0.003958436763489826,0.020077739032492672,2.5076625161283138e-06,0.0003012015634744384,0.15
51.44529397341911,0.13420511471326724,0.003959086954621542,0.018515982538355243,2.5169988991337606e-06,0.0002787756310467485,0.15
51.44529397341911,0.1453888742727062,0.003959717387999509,0.017001683376891303,2.5261156626497866e-06,0.0002568772122107288,0.15
51.44529397341911,0.15657263383214512,0.0039603264475478435,0.015538723340323472,2.5349839473746475e-06,0.0002355756264449781,0.15
51.44529397341911,0.16775639339158407,0.003960912512610268,0.014130995231084248,2.543574281523504e-06,0.00021494166453672373,0.15
51.44529397341911,0.178940152951023,0.003961473982939482,0.01278234283879319,2.551856997765886e-06,0.00019504658713219143,0.15
51.44529397341911,0.19012391251046193,0.003962009308537495,0.011496489265669589,2.559802743073149e-06,0.00017596090011826317,0.15
51.44529397341911,0.20130767206990086,0.0039625170241996245,0.01027695395394578,2.5673830804185116e-06,0.00015775290937331506,0.15
51.44529397341911,0.2124914316293398,0.003962995788251157,0.009126959641007933,2.574571174609028e-06,0.00014048707342859934,0.15
51.44529397341911,0.22367519118877874,0.003963444424521793,0.008049331538925446,2.5813425462691097e-06,0.00012422219242385772,0.15
51.44529397341911,0.2348589507482177,0.0039638619660919095,0.00704639225604623,2.587675868516067e-06,0.00010900949450556211,0.15
51.44529397341911,0.24604271030765662,0.0039642476988146465,0.006119857256317362,2.5935537709092533e-06,9.489070474015299e-05,0.15
51.44529397341911,0.2572264698670956,0.0039646012021209145,0.0052707368455406035,2.598963605923798e-06,8.189620402764483e-05,0.15
51.44529397341911,0.2684102294265345,0.00396492238422746,0.004499251598169654,2.6038981259382318e-06,7.004340294079445e-05,0.15
51.44529397341911,0.27959398898597343,0.00396521150868647,0.0038047685830456895,2.608356015160583e-06,5.9335463984815094e-05,0.15
51.44529397341911,0.2907777485454124,0.003965469209310899,0.003185765507220126,2.6123422225863052e-06,4.976050175971478e-05,0.15
51.44529397341911,0.3019615081048513,0.003965696490962452,0.002639828819288967,2.6158680501183552e-06,4.129137121140333e-05,0.15
51.44529397341911,0.31314526766429024,0.0039658947145067265,0.0021636898420392637,2.618950964707037e-06,3.3886118779309746e-05,0.15
51.44529397341911,0.32432902722372914,0.003966065565398525,0.0017533002245211722,2.621614124035012e-06,2.748912160794282e-05,0.15
51.44529397341911,0.33551278678316815,0.0039662110067516555,0.0014039446634735366,2.6238856299124818e-06,2.2032880807351794e-05,0.15
51.44529397341911,0.34669654634260705,0.003966333219206416,0.0011103853385143884,2.6257975491410244e-06,1.7440373270541533e-05,0.15
51.44529397341911,0.357880305902046,0.003966434531231714,0.0008670293230083556,2.627384764533163e-06,1.362781147822249e-05,0.15
51.44529397341911,0.36906406546148496,0.003966517344486202,0.0006681078661054596,2.6286837354989963e-06,1.0507620550578477e-05,0.15
51.44529397341911,0.38024782502092386,0.003966584059341956,0.0005078552854788128,2.629731255413195e-06,7.991423059252109e-06,0.15
51.44529397341911,0.3914315845803628,0.003966637005566832,0.0003806754694651767,2.6305632905944213e-06,5.9928278301057554e-06,0.15
51.44529397341911,0.4026153441398017,0.003966678382481042,0.0002812856251286295,2.6312139736493038e-06,4.429847982968502e-06,0.15
51.44529397341911,0.4137991036992407,0.003966710211758774,0.000204829652189737,2.631714804278473e-06,3.22682065908953e-06,0.15
51.44529397341911,0.4249828632586796,0.00396673430463235,0.00014695692277235783,2.632094086698248e-06,2.3157584032338797e-06,0.15
51.44529397341911,0.4361666228181186,0.003966752243785781,0.00010386577738069197,2.6323766083000896e-06,1.6371210910891599e-06,0.15
51.44529397341911,0.4473503823775575,0.0039667653789062065,7.23142140552882e-05,2.632583542434148e-06,1.140049503167985e-06,0.15
51.44529397341911,0.45853414193699643,0.003966774833850172,4.960267765921559e-05,2.63273254172775e-06,7.821412223975833e-07,0.15
51.44529397341911,0.4697179014964354,0.003966781522760326,3.353535001380024e-05,2.6328379783792306e-06,5.288734843937248e-07,0.15
51.44529397341911,0.4809016610558743,0.00396678617224392,2.2366878557021356e-05,2.6329112844270843e-06,3.527858738447779e-07,0.15
51.44529397341911,0.49208542061531324,0.003966789346846831,1.4741188290468512e-05,2.632961347139637e-06,2.3253060963632272e-07,0.15
51.44529397341911,0.5032691801747522,0.003966791475432604,9.62811954531401e-06,2.6329949208615107e-06,1.5188329138489313e-07,0.15
51.44529397341911,0.5144529397341912,0.003966792876598707,6.262377610327808e-06,2.633017025155982e-06,9.878655604503324e-08,0.15
51.44529397341911,0.52563669929363,0.003966793781833523,4.087908942841495e-06,2.633031308296244e-06,6.447696197021647e-08,0.15
51.44529397341911,0.536820458853069,0.00396679435565696,2.7095227667927244e-06,2.6330403638260753e-06,4.272459810251532e-08,0.15
51.44529397341911,0.548004218412508,0.003966794712443141,1.852482283082148e-06,2.6330459952097153e-06,2.9197382258426747e-08,0.15
51.44529397341911,0.5591879779719469,0.003966794929969681,1.3299585381065702e-06,2.633049429124687e-06,2.094871961774481e-08,0.15
51.44529397341911,0.5703717375313858,0.003966795059970594,1.0176812860440301e-06,2.633051481670354e-06,1.6018258730983333e-08,0.15
51.44529397341911,0.5815554970908248,0.003966795136101158,8.348068823522902e-07,2.6330526838623717e-06,1.3130444828902717e-08,0.15
51.44529397341911,0.5927392566502637,0.0039667951797719555,7.299045347932614e-07,2.63305337358449e-06,1.1473644397546797e-08,0.15
51.44529397341911,0.6039230162097026,0.003966795204300725,6.709834069904335e-07,2.6330537610452118e-06,1.0542912811692576e-08,0.15
51.44529397341911,0.6151067757691415,0.003966795217785353,6.385915182682923e-07,2.6330539740848023e-06,1.0031162820440066e-08,0.15
51.44529397341911,0.6262905353285805,0.003966795225037926,6.211695101545383e-07,2.633054088686008e-06,9.755874519132355e-09,0.15
51.44529397341911,0.6374742948880194,0.0039667952288525744,6.120059282487368e-07,2.6330541489729422e-06,9.611056497189782e-09,0.15
51.44529397341911,0.6486580544474583,0.003966795230813898,6.0729467585278e-07,2.6330541799729844e-06,9.536589924756556e-09,0.15
51.44529397341911,0.6598418140068973,0.003966795231799207,6.049282089072477e-07,2.6330541955468227e-06,9.499179473754825e-09,0.15
51.44529397341911,0.6710255735663363,0.003966795232282381,6.037674667664602e-07,2.6330542031868235e-06,9.480826956937106e-09,0.15
51.44529397341911,0.6822093331257751,0.003966795232513285,6.032118066359342e-07,2.633054206844473e-06,9.472040043043627e-09,0.15
51.44529397341911,0.6933930926852141,0.003966795232620979,6.029523434581882e-07,2.633054208552575e-06,9.46793639594603e-09,0.15
51.44529397341911,0.704576852244653,0.003966795232670515,6.028342360560047e-07,2.6330542093305606e-06,9.466068131202686e-09,0.15
51.44529397341911,0.715760611804092,0.003966795232692306,6.027818589678151e-07,2.633054209675505e-06,9.465239484179224e-09,0.15
51.44529397341911,0.7269443713635309,0.00396679523270296,6.0275924475851e-07,2.6330542098252884e-06,9.464881654422303e-09,0.15
51.44529397341911,0.7381281309229699,0.003966795232708341,6.027497454046474e-07,2.633054209888823e-06,9.464731320898109e-09,0.15
51.44529397341911,0.7493118904824089,0.003966795232710731,6.027458660584307e-07,2.633054209914896e-06,9.464669918271503e-09,0.15
51.44529397341911,0.7604956500418477,0.003966795232712549,6.027443270716525e-07,2.6330542099258164e-06,9.464645555322847e-09,0.15
51.44529397341911,0.7716794096012867,0.003966795232714367,6.027437344711035e-07,2.6330542099307635e-06,9.464636172716636e-09,0.15
51.44529397341911,0.7828631691607256,0.003966795232716184,6.027435131844835e-07,2.6330542099333673e-06,9.464632668563956e-09,0.15
51.44529397341911,0.7940469287201646,0.003966795232718003,6.027434331271532e-07,2.633054209935079e-06,9.464631400633616e-09,0.15
51.44529397341911,0.8052306882796034,0.003966795232719821,6.027434050954872e-07,2.6330542099364623e-06,9.464630956606216e-09,0.15
51.44529397341911,0.8164144478390425,0.00396679523272164,6.027433956072572e-07,2.633054209937729e-06,9.464630806287453e-09,0.15
51.44529397341911,0.8275982073984814,0.003966795232723459,6.027433925072819e-07,2.6330542099389556e-06,9.464630757167781e-09,0.15
51.44529397341911,0.8387819669579203,0.003966795232725277,6.027433915320654e-07,2.633054209940168e-06,9.46463074171255e-09,0.15
51.44529397341911,0.8499657265173592,0.003966795232727094,6.027433912383885e-07,2.6330542099413755e-06,9.464630737057293e-09,0.15
51.44529397341911,0.8611494860767982,0.003966795232728912,6.027433911553119e-07,2.633054209942582e-06,9.46463073573981e-09,0.15
51.44529397341911,0.8723332456362372,0.003966795232730731,6.027433911344443e-07,2.633054209943789e-06,9.46463073540856e-09,0.15
51.44529397341911,0.883517005195676,0.003966795232732551,6.027433911307474e-07,2.6330542099449966e-06,9.464630735350509e-09,0.15
51.44529397341911,0.894700764755115,0.003966795232734369,6.027433911270505e-07,2.633054209946203e-06,9.464630735292455e-09,0.15
51.44529397341911,0.9058845243145539,0.003966795232736187,6.027433911233536e-07,2.6330542099474094e-06,9.464630735234405e-09,0.15
51.44529397341911,0.9170682838739929,0.003966795232738006,6.027433911196568e-07,2.6330542099486164e-06,9.464630735176352e-09,0.15
51.44529397341911,0.9282520434334317,0.003966795232739825,6.027433911159599e-07,2.633054209949823e-06,9.4646307351183e-09,0.15
51.44529397341911,0.9394358029928708,0.003966795232741643,6.02743391112263e-07,2.6330542099510296e-06,9.464630735060248e-09,0.15
51.44529397341911,0.9506195625523097,0.003966795232743462,6.027433911085661e-07,2.6330542099522366e-06,9.464630735002196e-09,0.15
51.44529397341911,0.9618033221117486,0.00396679523274528,6.027433911048694e-07,2.633054209953443e-06,9.464630734944145e-09,0.15
51.44529397341911,0.9729870816711875,0.0039667952327471,6.027433911011725e-07,2.63305420995465e-06,9.464630734886091e-09,0.15
51.44529397341911,0.9841708412306265,0.003966795232748918,6.027433910974756e-07,2.6330542099558564e-06,9.46463073482804e-09,0.15
51.44529397341911,0.9953546007900654,0.003966795232750737,6.027433910937788e-07,2.6330542099570634e-06,9.46463073476999e-09,0.15
51.44529397341911,1.0065383603495044,0.0039667952327525555,6.027433910900819e-07,2.63305420995827e-06,9.464630734711937e-09,0.15
51.44529397341911,1.0177221199089435,0.0039667952327543735,6.02743391086385e-07,2.6330542099594766e-06,9.464630734653885e-09,0.15
51.44529397341911,1.0289058794683823,0.003966795232756192,6.027433910826881e-07,2.6330542099606832e-06,9.464630734595832e-09,0.15
51.44529397341911,1.0400896390278211,0.00396679523275801,6.027433910789913e-07,2.63305420996189e-06,9.464630734537779e-09,0.15
51.44529397341911,1.05127339858726,0.00396679523275983,6.027433910752944e-07,2.633054209963097e-06,9.464630734479729e-09,0.15
51.44529397341911,1.062457158146699,0.003966795232761647,6.027433910715976e-07,2.6330542099643026e-06,9.464630734421676e-09,0.15
51.44529397341911,1.073640917706138,0.003966795232763466,6.027433910679007e-07,2.633054209965509e-06,9.464630734363623e-09,0.15
51.44529397341911,1.084824677265577,0.003966795232765282,6.027433910642039e-07,2.633054209966715e-06,9.464630734305573e-09,0.15
51.44529397341911,1.096008436825016,0.003966795232767099,6.02743391060507e-07,2.6330542099679207e-06,9.46463073424752e-09,0.15
51.44529397341911,1.1071921963844549,0.003966795232768917,6.027433910568101e-07,2.633054209969126e-06,9.46463073418947e-09,0.15
51.44529397341911,1.1183759559438937,0.0039667952327707345,6.027433910531132e-07,2.633054209970332e-06,9.464630734131416e-09,0.15
53.6820458853069,0.011183759559438938,0.003954291775344336,0.03003396238775791,2.4496764588032616e-06,0.00044048339215639663,0.15
53.6820458853069,0.022367519118877875,0.0039550033319789525,0.028324809946989778,2.4594477654513623e-06,0.0004170128298416266,0.15
53.6820458853069,0.03355127867831681,0.003955704650517246,0.026640248881963677,2.469151820471455e-06,0.0003937037986950798,0.15
53.6820458853069,0.04473503823775575,0.003956394553156719,0.02498310823951978,2.478769791363664e-06,0.0003706015336935313,0.15
53.6820458853069,0.055918797797194685,0.003957071798969063,0.02335636869421086,2.4882814580420016e-06,0.00034775460278121115,0.15
53.6820458853069,0.06710255735663362,0.003957735086148631,0.021763157148757834,2.4976652216303837e-06,0.00032521488575320217,0.15
53.6820458853069,0.07828631691607256,0.003958383056280593,0.02020673648248714,2.5068981478002727e-06,0.00030303747017226075,0.15
53.6820458853069,0.0894700764755115,0.003959014301043075,0.01869048945400654,2.5159560526806146e-06,0.0002812804450304432,0.15
53.6820458853069,0.10065383603495043,0.003959627371774796,0.017217895720459245,2.524813639869975e-06,0.0002600045716661914,0.15
53.6820458853069,0.11183759559438937,0.003960220792336159,0.015792500946914756,2.5334446971698974e-06,0.00023927281123481444,0.15
53.6820458853069,0.12302135515382831,0.003960793075653028,0.01441787706951017,2.5418223611437424e-06,0.0002191496892648076,0.15
53.6820458853069,0.13420511471326724,0.003961342744251793,0.013097572971371306,2.5499194562736854e-06,0.00019970048103154262,0.15
53.6820458853069,0.1453888742727062,0.003961868354958826,0.011835055158030558,2.557708913119244e-06,0.00018099020717207164,0.15
53.6820458853069,0.15657263383214512,0.003962368527732131,0.010633638502302282,2.5651642662777504e-06,0.0001630824376122609,0.15
53.6820458853069,0.16775639339158407,0.003962841978328375,0.009496407781757414,2.5722602279999365e-06,0.00014603791377156719,0.15
53.6820458853069,0.178940152951023,0.003963287554158946,0.008426131552997972,2.5789733270150714e-06,0.00012991301412800126,0.15
53.6820458853069,0.19012391251046193,0.003963704272292685,0.007425170869732677,2.5852825946900276e-06,0.00011475810607997446,0.15
53.6820458853069,0.20130767206990086,0.003964091358125701,0.006495386398100799,2.591170272529081e-06,0.0001006158465376036,0.15
53.6820458853069,0.2124914316293398,0.0039644482828076885,0.005638048517967885,2.5966225069656594e-06,8.751951302574323e-05,0.15
53.6820458853069,0.22367519118877874,0.003964774797142747,0.004853755891763176,2.6016299904279553e-06,7.549146382239477e-05,0.15
53.6820458853069,0.2348589507482177,0.003965070959436578,0.004142368573759005,2.606188503007491e-06,6.45418368331929e-05,0.15
53.6820458853069,0.24604271030765662,0.0039653371547103255,0.0035029618544309554,2.610299308004448e-06,5.466759943747701e-05,0.15
53.6820458853069,0.2572264698670956,0.003965574102909777,0.0029338065386431524,2.613969358269494e-06,4.5852052788666e-05,0.15
53.6820458853069,0.2684102294265345,0.003965782854238343,0.0024323801510146943,2.6172112792476907e-06,3.8064872465992024e-05,0.15
53.6820458853069,0.27959398898597343,0.003965964770540949,0.0019954116474687456,2.620043108879859e-06,3.126273315100959e-05,0.15
53.6820458853069,0.2907777485454124,0.003966121492707376,0.0016189597079793647,2.6224877930421432e-06,2.5390520503571002e-05,0.15
53.6820458853069,0.3019615081048513,0.0039662548952500995,0.001298521835885924,2.6245724561105626e-06,2.0383083196214428e-05,0.15
53.6820458853069,0.31314526766429024,0.003966367030399228,0.0010291686400459188,2.626327486916252e-06,1.6167428396857162e-05,0.15
53.6820458853069,0.32432902722372914,0.003966460065074858,0.0008056952240928368,2.627785497901384e-06,1.2665221841788319e-05,0.15
53.6820458853069,0.33551278678316815,0.003966536214800734,0.0006227799259880934,2.628980227052693e-06,9.79542538069253e-06,0.15
53.6820458853069,0.34669654634260705,0.003966597678885162,0.0004751400141206717,2.6299454563273856e-06,7.476894928830921e-06,0.15
53.6820458853069,0.357880305902046,0.003966646580980942,0.00035767446411091126,2.630714016177684e-06,5.63077163008638e-06,0.15
53.6820458853069,0.36906406546148496,0.003966684918472556,0.0002655855335280772,2.6313169341597592e-06,4.182526944649275e-06,0.15
53.6820458853069,0.38024782502092386,0.0039667145231342136,0.00019447326507852946,2.6317827684206883e-06,3.0635636695716337e-06,0.15
53.6820458853069,0.3914315845803628,0.003966737034311692,0.00014039990698823813,2.6321371468060277e-06,2.2123230614659127e-06,0.15
53.6820458853069,0.4026153441398017,0.003966753884680959,9.992412482364269e-05,2.6324025123432603e-06,1.5748962429054645e-06,0.15
53.6820458853069,0.4137991036992407,0.003966766297579534,7.010741372469198e-05,2.632598058500089e-06,1.1051797620543292e-06,0.15
53.6820458853069,0.4249828632586796,0.003966775294114417,4.84970289401252e-05,2.632739824704546e-06,7.646461953721201e-07,0.15
53.6820458853069,0.4361666228181186,0.0039667817077706415,3.309089717703963e-05,2.6328409149904487e-06,5.218189910012508e-07,0.15
53.6820458853069,0.4473503823775575,0.003966786204089816,2.2290349966150896e-05,2.6329118002295098e-06,3.515465266760817e-07,0.15
53.6820458853069,0.45853414193699643,0.003966789303102551,1.4846241674975784e-05,2.632960666423296e-06,2.341655221005813e-07,0.15
53.6820458853069,0.4697179014964354,0.003966791402514693,9.803256222538369e-06,2.632993776725653e-06,1.5463146273417778e-07,0.15
53.6820458853069,0.4809016610558743,0.003966792800079279,6.446169303858064e-06,2.6330158218808623e-06,1.0167684292308445e-07,0.15
53.6820458853069,0.49208542061531324,0.003966793714055688,4.250705039806327e-06,2.63303024133828e-06,6.703984041389701e-08,0.15
53.6820458853069,0.5032691801747522,0.0039667943011022395,2.840557207397729e-06,2.633039504450513e-06,4.478886796510645e-08,0.15
53.6820458853069,0.5144529397341912,0.003966794671327344,1.9512357960753854e-06,2.6330453472260188e-06,3.0753882790143476e-08,0.15
53.6820458853069,0.52563669929363,0.003966794900515245,1.4007004285615797e-06,2.633048964761168e-06,2.206415447337576e-08,0.15
53.6820458853069,0.536820458853069,0.003966795039741513,1.0662626656963797e-06,2.633051162667429e-06,1.678452698596781e-08,0.15
53.6820458853069,0.548004218412508,0.003966795122711255,8.669593508839239e-07,2.633052472676046e-06,1.363772841125752e-08,0.15
53.6820458853069,0.5591879779719469,0.0039667951712006305,7.504817865417219e-07,2.6330532383912634e-06,1.1798385271734191e-08,0.15
53.6820458853069,0.5703717375313858,0.003966795198982031,6.837471103929743e-07,2.633053677165979e-06,1.0744392124554247e-08,0.15
53.6820458853069,0.5815554970908248,0.003966795214580713,6.462766927593081e-07,2.633053923567456e-06,1.0152503106582027e-08,0.15
53.6820458853069,0.5927392566502637,0.003966795223160702,6.256660159913197e-07,2.633054059121192e-06,9.826884415235251e-09,0.15
53.6820458853069,0.6039230162097026,0.003966795227782238,6.145641942114296e-07,2.6330541321472625e-06,9.651465473595005e-09,0.15
53.6820458853069,0.6151067757691415,0.003966795230219091,6.087106598912053e-07,2.6330541706566807e-06,9.55896042836706e-09,0.15
53.6820458853069,0.6262905353285805,0.00396679523147661,6.056908519863694e-07,2.6330541905266744e-06,9.511230426447615e-09,0.15
53.6820458853069,0.6374742948880194,0.003966795232111738,6.041672055134019e-07,2.6330542005539974e-06,9.487144624771992e-09,0.15
53.6820458853069,0.6486580544474583,0.003966795232425351,6.034157036804025e-07,2.633054205500697e-06,9.47526311619047e-09,0.15
53.6820458853069,0.6598418140068973,0.00396679523257672,6.030535406449033e-07,2.633054207885112e-06,9.469536340122517e-09,0.15
53.6820458853069,0.6710255735663363,0.003966795232647739,6.028830960569114e-07,2.6330542090073095e-06,9.466840750779926e-09,0.15
53.6820458853069,0.6822093331257751,0.003966795232679717,6.028048012671105e-07,2.6330542095224436e-06,9.465602331473583e-09,0.15
53.6820458853069,0.6933930926852141,0.003966795232694582,6.027697174715781e-07,2.6330542097536633e-06,9.465047315266246e-09,0.15
53.6820458853069,0.704576852244653,0.00396679523270172,6.027543909024438e-07,2.6330542098551162e-06,9.464804817246858e-09,0.15
53.6820458853069,0.715760611804092,0.00396679523270528,6.027478674919815e-07,2.6330542098986508e-06,9.464701588175345e-09,0.15
53.6820458853069,0.7269443713635309,0.003966795232707099,6.027451641092379e-07,2.6330542099169175e-06,9.464658802455786e-09,0.15
53.6820458853069,0.7381281309229699,0.003966795232708916,6.027440740784125e-07,2.6330542099250032e-06,9.464641548288801e-09,0.15
53.6820458853069,0.7493118904824089,0.003966795232710732,6.027436467658049e-07,2.633054209928906e-06,9.464634783335929e-09,0.15
53.6820458853069,0.7604956500418477,0.003966795232712549,6.02743484029312e-07,2.6330542099311387e-06,9.464632206612322e-09,0.15
53.6820458853069,0.7716794096012867,0.003966795232714367,6.027434238720802e-07,2.633054209932725e-06,9.464631253959684e-09,0.15
53.6820458853069,0.7828631691607256,0.003966795232716184,6.027434023070835e-07,2.633054209934067e-06,9.464630912405051e-09,0.15
53.6820458853069,0.7940469287201646,0.003966795232718003,6.027433948184967e-07,2.633054209935321e-06,9.464630793780267e-09,0.15
53.6820458853069,0.8052306882796034,0.003966795232719821,6.027433923030789e-07,2.6330542099365428e-06,9.464630753928022e-09,0.15
53.6820458853069,0.8164144478390425,0.00396679523272164,6.027433914878367e-07,2.6330542099377553e-06,9.464630741009653e-09,0.15
53.6820458853069,0.8275982073984814,0.003966795232723459,6.027433912346358e-07,2.633054209938964e-06,9.46463073699651e-09,0.15
53.6820458853069,0.8387819669579203,0.003966795232725277,6.027433911604801e-07,2.63305420994017e-06,9.46463073582048e-09,0.15
53.6820458853069,0.8499657265173592,0.003966795232727094,6.027433911418379e-07,2.6330542099413764e-06,9.464630735524665e-09,0.15
53.6820458853069,0.8611494860767982,0.003966795232728912,6.02743391138141e-07,2.633054209942582e-06,9.464630735466612e-09,0.15
53.6820458853069,0.8723332456362372,0.003966795232730731,6.027433911344443e-07,2.633054209943789e-06,9.46463073540856e-09,0.15
53.6820458853069,0.883517005195676,0.003966795232732551,6.027433911307474e-07,2.6330542099449966e-06,9.464630735350509e-09,0.15
53.6820458853069,0.894700764755115,0.003966795232734369,6.027433911270505e-07,2.633054209946203e-06,9.464630735292455e-09,0.15
53.6820458853069,0.9058845243145539,0.003966795232736187,6.027433911233536e-07,2.6330542099474094e-06,9.464630735234405e-09,0.15
53.6820458853069,0.9170682838739929,0.003966795232738006,6.027433911196568e-07,2.6330542099486164e-06,9.464630735176352e-09,0.15
53.6820458853069,0.9282520434334317,0.003966795232739825,6.027433911159599e-07,2.633054209949823e-06,9.4646307351183e-09,0.15
53.6820458853069,0.9394358029928708,0.003966795232741643,6.02743391112263e-07,2.6330542099510296e-06,9.464630735060248e-09,0.15
53.6820458853069,0.9506195625523097,0.003966795232743462,6.027433911085661e-07,2.6330542099522366e-06,9.464630735002196e-09,0.15
53.6820458853069,0.9618033221117486,0.00396679523274528,6.027433911048694e-07,2.633054209953443e-06,9.464630734944145e-09,0.15
53.6820458853069,0.9729870816711875,0.0039667952327471,6.027433911011725e-07,2.63305420995465e-06,9.464630734886091e-09,0.15
53.6820458853069,0.9841708412306265,0.003966795232748918,6.027433910974756e-07,2.6330542099558564e-06,9.46463073482804e-09,0.15
53.6820458853069,0.9953546007900654,0.003966795232750737,6.027433910937788e-07,2.6330542099570634e-06,9.46463073476999e-09,0.15
53.6820458853069,1.0065383603495044,0.0039667952327525555,6.027433910900819e-07,2.63305420995827e-06,9.464630734711937e-09,0.15
53.6820458853069,1.0177221199089435,0.0039667952327543735,6.02743391086385e-07,2.6330542099594766e-06,9.464630734653885e-09,0.15
53.6820458853069,1.0289058794683823,0.003966795232756192,6.027433910826881e-07,2.6330542099606832e-06,9.464630734595832e-09,0.15
53.6820458853069,1.0400896390278211,0.00396679523275801,6.027433910789913e-07,2.63305420996189e-06,9.464630734537779e-09,0.15
53.6820458853069,1.05127339858726,0.00396679523275983,6.027433910752944e-07,2.633054209963097e-06,9.464630734479729e-09,0.15
53.6820458853069,1.062457158146699,0.003966795232761647,6.027433910715976e-07,2.6330542099643026e-06,9.464630734421676e-09,0.15
53.6820458853069,1.073640917706138,0.003966795232763466,6.027433910679007e-07,2.633054209965509e-06,9.464630734363623e-09,0.15
53.6820458853069,1.084824677265577,0.003966795232765282,6.027433910642039e-07,2.633054209966715e-06,9.464630734305573e-09,0.15
53.6820458853069,1.096008436825016,0.003966795232767099,6.02743391060507e-07,2.6330542099679207e-06,9.46463073424752e-09,0.15
53.6820458853069,1.1071921963844549,0.003966795232768917,6.027433910568101e-07,2.633054209969126e-06,9.46463073418947e-09,0.15
53.6820458853069,1.1183759559438937,0.0039667952327707345,6.027433910531132e-07,2.633054209970332e-06,9.464630734131416e-09,0.15
55.918797797194685,0.011183759559438938,0.003957062190777394,0.023379440429979054,2.488149829686744e-06,0.00034807067286033984,0.15
55.918797797194685,0.022367519118877875,0.00395770518841195,0.02183496449957713,2.4972444992877237e-06,0.0003262253600226232,0.15
55.918797797194685,0.03355127867831681,0.003958334024440843,0.020324504131948466,2.506200813362956e-06,0.0003047123680164358,0.15
55.918797797194685,0.04473503823775575,0.00395894741562167,0.018851141646513934,2.5149968180520334e-06,0.00028358442939760593,0.15
55.918797797194685,0.055918797797194685,0.003959544039295627,0.017418054043740756,2.523609519543918e-06,0.00026289677472048556,0.15
55.918797797194685,0.06710255735663362,0.003960122543859936,0.016028487851163103,2.532015041845425e-06,0.00024270675359761164,0.15
55.918797797194685,0.07828631691607256,0.003960681562332588,0.01468572654264258,2.5401888410932028e-06,0.00022307331994510064,0.15
55.918797797194685,0.0894700764755115,0.003961219729297787,0.013393049836261299,2.5481059825817974e-06,0.0002040563665855611,0.15
55.918797797194685,0.10065383603495043,0.00396173570142477,0.01215368440973148,2.5557414850194216e-06,0.00018571589837199586,0.15
55.918797797194685,0.11183759559438937,0.003962228181604133,0.010970745926555933,2.5630707339099972e-06,0.00016811103927076497,0.15
55.918797797194685,0.12302135515382831,0.0039626959465418315,0.0098471727560508,2.5700699622755143e-06,0.0001512988776915416,0.15
55.918797797194685,0.13420511471326724,0.00396313787738989,0.008785652399740154,2.5767167921396403e-06,0.00013533316586619167,0.15
55.918797797194685,0.1453888742727062,0.003963552992677209,0.0077885423930933,2.582990824384608e-06,0.00012026290303023701,0.15
55.918797797194685,0.15657263383214512,0.003963940482449646,0.006857788299942754,2.5888742580436094e-06,0.00010613084789118558,0.15
55.918797797194685,0.16775639339158407,0.0039642997421664074,0.005994842294509574,2.594352513294488e-06,9.297202219835531e-05,0.15
55.918797797194685,0.178940152951023,0.00396463040455646,0.005200586640787164,2.5994148260877685e-06,8.081228243382632e-05,0.15
55.918797797194685,0.19012391251046193,0.003964932367377912,0.004475267013206473,2.604054777396609e-06,6.966704852893372e-05,0.15
55.918797797194685,0.20130767206990086,0.003965205814888071,0.003818440922886937,2.6082707175302067e-06,5.954028462435706e-05,0.15
55.918797797194685,0.2124914316293398,0.0039654512308847515,0.003228946390446896,2.6120660467893604e-06,5.04238248846502e-05,0.15
55.918797797194685,0.22367519118877874,0.003965669401455227,0.0027048953380353147,2.6154493186959726e-06,4.229712547825121e-05,0.15
55.918797797194685,0.2348589507482177,0.003965861406096187,0.0022436949159297145,2.618434141385385e-06,3.512750136523911e-05,0.15
55.918797797194685,0.24604271030765662,0.003966028596617708,0.0018420981714394543,2.6210388661467007e-06,2.8870874353763274e-05,0.15
55.918797797194685,0.2572264698670956,0.003966172564169986,0.001496283245984142,2.62328606845414e-06,2.3473019596284035e-05,0.15
55.918797797194685,0.2684102294265345,0.003966295095735113,0.0012019578796406652,2.6252018443929235e-06,1.8871255518912265e-05,0.15
55.918797797194685,0.27959398898597343,0.003966398122378636,0.0009544837081547152,2.626814961933655e-06,1.4996482418259054e-05,0.15
55.918797797194685,0.2907777485454124,0.0039664836623337025,0.0007490129729734011,2.6281559197569527e-06,1.1775443140193877e-05,0.15
55.918797797194685,0.3019615081048513,0.003966553762471456,0.0005806291094269547,2.629255974319646e-06,9.133060062178591e-06,0.15
55.918797797194685,0.31314526766429024,0.003966610441820289,0.0004444824149376329,2.6301461973817054e-06,6.9946989277889995e-06,0.15
55.918797797194685,0.32432902722372914,0.003966655640514871,0.0003359126744108855,2.630856621084426e-06,5.288222398241786e-06,0.15
55.918797797194685,0.33551278678316815,0.003966691176928718,0.00025055213099940476,2.6314155167460445e-06,3.945722427737536e-06,0.15
55.918797797194685,0.34669654634260705,0.003966718714861104,0.00018440430563002497,2.6318488385466038e-06,2.904856581247331e-06,0.15
55.918797797194685,0.357880305902046,0.003966739741649368,0.0001338965752959621,2.6321798464545754e-06,2.109753816712419e-06,0.15
55.918797797194685,0.36906406546148496,0.003966755557089883,9.59067864611621e-05,2.632428906402233e-06,1.511494511809761e-06,0.15
55.918797797194685,0.38024782502092386,0.003966767272206939,6.776621611129452e-05,2.6326134518120227e-06,1.0682029215208388e-06,0.15
55.918797797194685,0.3914315845803628,0.003966775816279204,4.7242696062464014e-05,2.6327480804282435e-06,7.448146231005649e-07,0.15
55.918797797194685,0.4026153441398017,0.00396678195017136,3.250859148464382e-05,2.6328447545976126e-06,5.125954674719799e-07,0.15
55.918797797194685,0.4137991036992407,0.00396678628391084,2.209858279054215e-05,2.632913071524754e-06,3.4849244212852384e-07,0.15
55.918797797194685,0.4249828632586796,0.003966789296559542,1.486193459583673e-05,2.6329605719249136e-06,2.3439229577022404e-07,0.15
55.918797797194685,0.4361666228181186,0.00396679135669886,9.91329024365378e-06,2.6329930599093555e-06,1.563531747074162e-07,0.15
55.918797797194685,0.4473503823775575,0.003966792742207505,6.585165803887077e-06,2.63301491278244e-06,1.038604871043698e-07,0.15
55.918797797194685,0.45853414193699643,0.00396679365839916,4.3843823263773925e-06,2.6330293657062e-06,6.914313132841278e-08,0.15
55.918797797194685,0.4697179014964354,0.003966794253958197,2.95378806890731e-06,2.6330387621195013e-06,4.657198064882225e-08,0.15
55.918797797194685,0.4809016610558743,0.003966794634426151,2.039863411744656e-06,2.633044765857592e-06,3.2150362733886905e-08,0.15
55.918797797194685,0.49208542061531324,0.003966794873237862,1.4662116785444116e-06,2.633048534841647e-06,2.309684844305473e-08,0.15
55.918797797194685,0.5032691801747522,0.003966795020476615,1.1125280794118791e-06,2.633050858941644e-06,1.7514096483451097e-08,0.15
55.918797797194685,0.5144529397341912,0.003966795109621723,8.98391916239796e-07,2.6330522662630076e-06,1.4133546085244913e-08,0.15
55.918797797194685,0.52563669929363,0.003966795162607116,7.71115435710115e-07,2.6330531028563606e-06,1.2123948285529941e-08,0.15
55.918797797194685,0.536820458853069,0.003966795193514822,6.9687194447716e-07,2.6330535909322185e-06,1.0951529769615489e-08,0.15
55.918797797194685,0.548004218412508,0.003966795211203373,6.543822169096166e-07,2.63305387029936e-06,1.0280454412477863e-08,0.15
55.918797797194685,0.5591879779719469,0.003966795221131926,6.30532567079934e-07,2.6330540271316383e-06,9.903722660228139e-09,0.15
55.918797797194685,0.5703717375313858,0.003966795226595771,6.174074444702074e-07,2.633054113453052e-06,9.696366805264752e-09,0.15
55.918797797194685,0.5815554970908248,0.003966795229542646,6.103281143939981e-07,2.6330541600189756e-06,9.584508645222986e-09,0.15
55.918797797194685,0.5927392566502637,0.003966795231099694,6.065871333333608e-07,2.633054184629516e-06,9.525390136652121e-09,0.15
55.918797797194685,0.6039230162097026,0.003966795231905721,6.046510984907247e-07,2.6330541973679384e-06,9.494790697700229e-09,0.15
55.918797797194685,0.6151067757691415,0.003966795232313874,6.036702608296525e-07,2.6330542038222863e-06,9.479286130242663e-09,0.15
55.918797797194685,0.6262905353285805,0.003966795232515869,6.031840202595598e-07,2.633054207022193e-06,9.471598794672715e-09,0.15
55.918797797194685,0.6374742948880194,0.0039667952326141835,6.029482546529447e-07,2.633054208574208e-06,9.467870870007396e-09,0.15
55.918797797194685,0.6486580544474583,0.00396679523266091,6.02836496093429e-07,2.6330542093100916e-06,9.466103492150157e-09,0.15
55.918797797194685,0.6598418140068973,0.003966795232682155,6.027847308449574e-07,2.633054209650722e-06,9.465284746950276e-09,0.15
55.918797797194685,0.6710255735663363,0.003966795232692809,6.027613139888785e-07,2.633054209805528e-06,9.464914321500793e-09,0.15
55.918797797194685,0.6822093331257751,0.003966795232698191,6.027509740953845e-07,2.6330542098743397e-06,9.464750734051432e-09,0.15
55.918797797194685,0.6933930926852141,0.0039667952327016465,6.02746520065341e-07,2.633054209904746e-06,9.464680256847203e-09,0.15
55.918797797194685,0.704576852244653,0.003966795232703465,6.027446494725501e-07,2.633054209917756e-06,9.464650653806627e-09,0.15
55.918797797194685,0.715760611804092,0.003966795232705282,6.027438840174587e-07,2.633054209923792e-06,9.464638538392742e-09,0.15
55.918797797194685,0.7269443713635309,0.003966795232707099,6.027435790285215e-07,2.6330542099269226e-06,9.464633710428438e-09,0.15
55.918797797194685,0.7381281309229699,0.003966795232708916,6.027434607887308e-07,2.6330542099288746e-06,9.464631838431975e-09,0.15
55.918797797194685,0.7493118904824089,0.003966795232710732,6.027434162204488e-07,2.633054209930361e-06,9.464631132717963e-09,0.15
55.918797797194685,0.7604956500418477,0.003966795232712549,6.027433999011442e-07,2.6330542099316702e-06,9.464630874274063e-09,0.15
55.918797797194685,0.7716794096012867,0.003966795232714367,6.027433941021932e-07,2.6330542099329137e-06,9.464630782424538e-09,0.15
55.918797797194685,0.7828631691607256,0.003966795232716184,6.027433921053558e-07,2.6330542099341317e-06,9.464630750791866e-09,0.15
55.918797797194685,0.7940469287201646,0.003966795232718003,6.027433914409101e-07,2.633054209935342e-06,9.464630740264264e-09,0.15
55.918797797194685,0.8052306882796034,0.003966795232719821,6.027433912287708e-07,2.63305420993655e-06,9.464630736902132e-09,0.15
55.918797797194685,0.8164144478390425,0.00396679523272164,6.027433911654765e-07,2.6330542099377574e-06,9.464630735898509e-09,0.15
55.918797797194685,0.8275982073984814,0.003966795232723459,6.027433911492317e-07,2.6330542099389645e-06,9.464630735640768e-09,0.15
55.918797797194685,0.8387819669579203,0.003966795232725277,6.027433911455348e-07,2.63305420994017e-06,9.464630735582715e-09,0.15
55.918797797194685,0.8499657265173592,0.003966795232727094,6.027433911418379e-07,2.6330542099413764e-06,9.464630735524665e-09,0.15
55.918797797194685,0.8611494860767982,0.003966795232728912,6.02743391138141e-07,2.633054209942582e-06,9.464630735466612e-09,0.15
55.918797797194685,0.8723332456362372,0.003966795232730731,6.027433911344443e-07,2.633054209943789e-06,9.46463073540856e-09,0.15
55.918797797194685,0.883517005195676,0.003966795232732551,6.027433911307474e-07,2.6330542099449966e-06,9.464630735350509e-09,0.15
55.918797797194685,0.894700764755115,0.003966795232734369,6.027433911270505e-07,2.633054209946203e-06,9.464630735292455e-09,0.15
55.918797797194685,0.9058845243145539,0.003966795232736187,6.027433911233536e-07,2.6330542099474094e-06,9.464630735234405e-09,0.15
55.918797797194685,0.9170682838739929,0.003966795232738006,6.027433911196568e-07,2.6330542099486164e-06,9.464630735176352e-09,0.15
55.918797797194685,0.9282520434334317,0.003966795232739825,6.027433911159599e-07,2.633054209949823e-06,9.4646307351183e-09,0.15
55.918797797194685,0.9394358029928708,0.003966795232741643,6.02743391112263e-07,2.6330542099510296e-06,9.464630735060248e-09,0.15
55.918797797194685,0.9506195625523097,0.003966795232743462,6.027433911085661e-07,2.6330542099522366e-06,9.464630735002196e-09,0.15
55.918797797194685,0.9618033221117486,0.00396679523274528,6.027433911048694e-07,2.633054209953443e-06,9.464630734944145e-09,0.15
55.918797797194685,0.9729870816711875,0.0039667952327471,6.027433911011725e-07,2.63305420995465e-06,9.464630734886091e-09,0.15
55.918797797194685,0.9841708412306265,0.003966795232748918,6.027433910974756e-07,2.6330542099558564e-06,9.46463073482804e-09,0.15
55.918797797194685,0.9953546007900654,0.003966795232750737,6.027433910937788e-07,2.6330542099570634e-06,9.46463073476999e-09,0.15
55.918797797194685,1.0065383603495044,0.0039667952327525555,6.027433910900819e-07,2.63305420995827e-06,9.464630734711937e-09,0.15
55.918797797194685,1.0177221199089435,0.0039667952327543735,6.02743391086385e-07,2.6330542099594766e-06,9.464630734653885e-09,0.15
55.918797797194685,1.0289058794683823,0.003966795232756192,6.027433910826881e-07,2.6330542099606832e-06,9.464630734595832e-09,0.15
55.918797797194685,1.0400896390278211,0.00396679523275801,6.027433910789913e-07,2.63305420996189e-06,9.464630734537779e-09,0.15
55.918797797194685,1.05127339858726,0.00396679523275983,6.027433910752944e-07,2.633054209963097e-06,9.464630734479729e-09,0.15
55.918797797194685,1.062457158146699,0.003966795232761647,6.027433910715976e-07,2.6330542099643026e-06,9.464630734421676e-09,0.15
55.918797797194685,1.073640917706138,0.003966795232763466,6.027433910679007e-07,2.633054209965509e-06,9.464630734363623e-09,0.15
55.918797797194685,1.084824677265577,0.003966795232765282,6.027433910642039e-07,2.633054209966715e-06,9.464630734305573e-09,0.15
55.918797797194685,1.096008436825016,0.003966795232767099,6.02743391060507e-07,2.6330542099679207e-06,9.46463073424752e-09,0.15
55.918797797194685,1.1071921963844549,0.003966795232768917,6.027433910568101e-07,2.633054209969126e-06,9.46463073418947e-09,0.15
55.918797797194685,1.1183759559438937,0.0039667952327707345,6.027433910531132e-07,2.633054209970332e-06,9.464630734131416e-09,0.15
56.38059014108333,0.011183759559438938,0.003957589079126676,0.022113856884225222,2.4955982509290123e-06,0.00033017961464524925,0.15
56.38059014108333,0.022367519118877875,0.003958216627454914,0.020606489714380387,2.504524803727214e-06,0.0003087381110595897,0.15
56.38059014108333,0.03355127867831681,0.003958829199871714,0.01913509405653928,2.513297694198664e-06,0.0002876656949082787,0.15
56.38059014108333,0.04473503823775575,0.003959425504069933,0.01770277400645091,2.521894537739813e-06,0.00026701613342973023,0.15
56.38059014108333,0.055918797797194685,0.0039600042166536694,0.016312708338070303,2.5302920452562567e-06,0.00024684536649963623,0.15
56.38059014108333,0.06710255735663362,0.003960563995622695,0.014968120517524155,2.538466218494136e-06,0.0002272110374663781,0.15
56.38059014108333,0.07828631691607256,0.003961103496081121,0.013672240973026809,2.5463926049400606e-06,0.00020817188090543393,0.15
56.38059014108333,0.0894700764755115,0.003961621389382028,0.012428261109199576,2.5540466171197684e-06,0.00018978695568805975,0.15
56.38059014108333,0.10065383603495043,0.003962116385793744,0.011239278865438806,2.561403918850089e-06,0.00017211471723078587,0.15
56.38059014108333,0.11183759559438937,0.003962587260586588,0.010108236056463606,2.5684408777130283e-06,0.00015521193067750751,0.15
56.38059014108333,0.12302135515382831,0.00396303288320332,0.009037848305873225,2.5751350786748376e-06,0.00013913243720910806,0.15
56.38059014108333,0.13420511471326724,0.003963452248884336,0.008030529083093327,2.5814658884133382e-06,0.00012392579854736838,0.15
56.38059014108333,0.1453888742727062,0.003963844511786507,0.007088310153050804,2.5874150537604495e-06,0.00010963585950808439,0.15
56.38059014108333,0.15657263383214512,0.0039642090182813805,0.006212761593614879,2.592967311123848e-06,9.629928417270745e-05,0.15
56.38059014108333,0.16775639339158407,0.00396454533878168,0.0054049153477407335,2.5981109774540284e-06,8.39441363771931e-05,0.15
56.38059014108333,0.178940152951023,0.003964853296164788,0.004665196948734916,2.6028384880954485e-06,7.258858777255891e-05,0.15
56.38059014108333,0.19012391251046193,0.003965132988693213,0.003993370463402652,2.6071468436641486e-06,6.223984439097751e-05,0.15
56.38059014108333,0.20130767206990086,0.003965384805325969,0.003388501711834267,2.611037927890523e-06,5.289338314111681e-05,0.15
56.38059014108333,0.2124914316293398,0.003965609431516413,0.0028489443369174787,2.614518661946332e-06,4.453258105677839e-05,0.15
56.38059014108333,0.22367519118877874,0.003965807844029067,0.0023723522507732653,2.6176009685555285e-06,3.712880143789532e-05,0.15
56.38059014108333,0.2348589507482177,0.0039659812939704595,0.001955720391073692,2.6203015310172137e-06,3.064197260960116e-05,0.15
56.38059014108333,0.24604271030765662,0.003966131278078599,0.0015954536795987192,2.6226413473200343e-06,2.50216588734231e-05,0.15
56.38059014108333,0.2572264698670956,0.003966259499270855,0.0012874617826320693,2.624645096299632e-06,2.020858293871478e-05,0.15
56.38059014108333,0.2684102294265345,0.003966367818398028,0.0010272749960551486,2.626340349273041e-06,1.6136519531862144e-05,0.15
56.38059014108333,0.27959398898597343,0.003966458199965467,0.0008101746204184592,2.627756674562742e-06,1.2734446299461318e-05,0.15
56.38059014108333,0.2907777485454124,0.003966532655148866,0.0006313298373533863,2.628924691790334e-06,9.928815384639147e-06,0.15
56.38059014108333,0.3019615081048513,0.003966593185654256,0.0004859325577349861,2.6298751363562032e-06,7.645800554047197e-06,0.15
56.38059014108333,0.31314526766429024,0.003966641731823731,0.0003693220729299949,2.630637991623875e-06,5.813381715005685e-06,0.15
56.38059014108333,0.32432902722372914,0.00396668012788426,0.00027709255065079113,2.6312417374931498e-06,4.36314988093499e-06,0.15
56.38059014108333,0.33551278678316815,0.003966710066454674,0.00020517829157367786,2.631712750686022e-06,3.2317477302148605e-06,0.15
56.38059014108333,0.34669654634260705,0.003966733073486612,0.00014991392270476784,2.6320748762095967e-06,2.361899000908452e-06,0.15
56.38059014108333,0.357880305902046,0.003966750493848162,0.00010806903079329395,2.6323491733269617e-06,1.7030187190631561e-06,0.15
56.38059014108333,0.36906406546148496,0.003966763486880167,7.685883749731403e-05,2.632553824978192e-06,1.2114308127748127e-06,0.15
56.38059014108333,0.38024782502092386,0.003966773030575935,5.3934161397342535e-05,2.632704188457357e-06,8.502464225441885e-07,0.15
56.38059014108333,0.3914315845803628,0.003966779932592201,3.735497299752572e-05,2.6328129580568323e-06,5.889732588879248e-07,0.15
56.38059014108333,0.4026153441398017,0.003966784846107146,2.5552303792756354e-05,2.6328904074348848e-06,4.0293345384410407e-07,0.15
56.38059014108333,0.4137991036992407,0.003966788288581297,1.7283183569938103e-05,2.6329446801635613e-06,2.725656759802127e-07,0.15
56.38059014108333,0.4249828632586796,0.003966790661684849,1.1582775209732991e-05,2.6329821003938495e-06,1.8267891647156882e-07,0.15
56.38059014108333,0.4361666228181186,0.003966792270977174,7.717104295460673e-06,2.6330074808100164e-06,1.2171278089701305e-07,0.15
56.38059014108333,0.4473503823775575,0.0039667933442949065,5.13889063960496e-06,2.63302441103371e-06,8.104473705963381e-08,0.15
56.38059014108333,0.45853414193699643,0.003966794048172327,3.448105939643828e-06,2.63303551554827e-06,5.4370572796578325e-08,0.15
56.38059014108333,0.4697179014964354,0.003966794501944828,2.3580969018207444e-06,2.6330426754507528e-06,3.717173881506978e-08,0.15
56.38059014108333,0.4809016610558743,0.003966794789449433,1.667479573548009e-06,2.63304721255743e-06,2.627311799351448e-08,0.15
56.38059014108333,0.49208542061531324,0.003966794968430053,1.2375479738714526e-06,2.6330500374669084e-06,1.9487369794896567e-08,0.15
56.38059014108333,0.5032691801747522,0.0039667950778776336,9.746422179440736e-07,2.633051765166796e-06,1.533723546522127e-08,0.15
56.38059014108333,0.5144529397341912,0.003966795143601675,8.167651663276297e-07,2.633052802814207e-06,1.2844683000673112e-08,0.15
56.38059014108333,0.52563669929363,0.003966795182348323,7.236907733381281e-07,2.6330534146336154e-06,1.1375017750569189e-08,0.15
56.38059014108333,0.536820458853069,0.003966795204766713,6.69838715839157e-07,2.6330537686776707e-06,1.0524559158977781e-08,0.15
56.38059014108333,0.548004218412508,0.003966795217492944,6.392685299285083e-07,2.633053969686395e-06,1.0041710077900226e-08,0.15
56.38059014108333,0.5591879779719469,0.003966795224578562,6.222479519724338e-07,2.633054081618039e-06,9.772835388338695e-09,0.15
56.38059014108333,0.5703717375313858,0.003966795228446769,6.129565471139154e-07,2.633054142729485e-06,9.626037723240096e-09,0.15
56.38059014108333,0.5815554970908248,0.003966795230516547,6.079853258701623e-07,2.6330541754309315e-06,9.547484705929247e-09,0.15
56.38059014108333,0.5927392566502637,0.0039667952316019125,6.05379435045986e-07,2.6330541925755632e-06,9.50630171401411e-09,0.15
56.38059014108333,0.6039230162097026,0.003966795232159353,6.040416380754787e-07,2.6330542013785704e-06,9.485156422572621e-09,0.15
56.38059014108333,0.6151067757691415,0.003966795232439402,6.033693014430309e-07,2.633054205803256e-06,9.47452792375662e-09,0.15
56.38059014108333,0.6262905353285805,0.0039667952325774984,6.030386583593092e-07,2.6330542079797883e-06,9.46930027756866e-09,0.15
56.38059014108333,0.6374742948880194,0.003966795232643642,6.028796159038272e-07,2.633054209026677e-06,9.466785374136836e-09,0.15
56.38059014108333,0.6486580544474583,0.003966795232674883,6.028048259407026e-07,2.6330542095191457e-06,9.465602569632113e-09,0.15
56.38059014108333,0.6598418140068973,0.003966795232689132,6.027704593823674e-07,2.6330542097453937e-06,9.465058985190742e-09,0.15
56.38059014108333,0.6710255735663363,0.003966795232696271,6.027550364610991e-07,2.6330542098474387e-06,9.464815002586413e-09,0.15
56.38059014108333,0.6822093331257751,0.003966795232699828,6.027482803104525e-07,2.6330542098924335e-06,9.464708108737646e-09,0.15
56.38059014108333,0.6933930926852141,0.003966795232701647,6.027453930479923e-07,2.6330542099118586e-06,9.464662420884625e-09,0.15
56.38059014108333,0.704576852244653,0.003966795232703465,6.027441900452674e-07,2.6330542099206554e-06,9.46464338197269e-09,0.15
56.38059014108333,0.715760611804092,0.0039667952327052825,6.027437016570396e-07,2.633054209924943e-06,9.4646356515779e-09,0.15
56.38059014108333,0.7269443713635309,0.003966795232707099,6.02743508597793e-07,2.633054209927368e-06,9.464632595333859e-09,0.15
56.38059014108333,0.7381281309229699,0.003966795232708916,6.027434343417534e-07,2.633054209929042e-06,9.464631419651084e-09,0.15
56.38059014108333,0.7493118904824089,0.003966795232710732,6.027434065734168e-07,2.6330542099304226e-06,9.464630979938045e-09,0.15
56.38059014108333,0.7604956500418477,0.003966795232712549,6.02743396486502e-07,2.633054209931692e-06,9.464630820188573e-09,0.15
56.38059014108333,0.7716794096012867,0.003966795232714367,6.027433929313055e-07,2.633054209932921e-06,9.464630763875676e-09,0.15
56.38059014108333,0.7828631691607256,0.003966795232716184,6.02743391717727e-07,2.6330542099341342e-06,9.46463074464997e-09,0.15
56.38059014108333,0.7940469287201646,0.003966795232718003,6.027433913182157e-07,2.6330542099353434e-06,9.464630738319558e-09,0.15
56.38059014108333,0.8052306882796034,0.003966795232719821,6.02743391192977e-07,2.63305420993655e-06,9.46463073633429e-09,0.15
56.38059014108333,0.8164144478390425,0.00396679523272164,6.027433911574062e-07,2.6330542099377574e-06,9.464630735770108e-09,0.15
56.38059014108333,0.8275982073984814,0.003966795232723459,6.027433911492317e-07,2.6330542099389645e-06,9.464630735640768e-09,0.15
56.38059014108333,0.8387819669579203,0.003966795232725277,6.027433911455348e-07,2.63305420994017e-06,9.464630735582715e-09,0.15
56.38059014108333,0.8499657265173592,0.003966795232727094,6.027433911418379e-07,2.6330542099413764e-06,9.464630735524665e-09,0.15
56.38059014108333,0.8611494860767982,0.003966795232728912,6.02743391138141e-07,2.633054209942582e-06,9.464630735466612e-09,0.15
56.38059014108333,0.8723332456362372,0.003966795232730731,6.027433911344443e-07,2.633054209943789e-06,9.46463073540856e-09,0.15
56.38059014108333,0.883517005195676,0.003966795232732551,6.027433911307474e-07,2.6330542099449966e-06,9.464630735350509e-09,0.15
56.38059014108333,0.894700764755115,0.003966795232734369,6.027433911270505e-07,2.633054209946203e-06,9.464630735292455e-09,0.15
56.38059014108333,0.9058845243145539,0.003966795232736187,6.027433911233536e-07,2.6330542099474094e-06,9.464630735234405e-09,0.15
56.38059014108333,0.9170682838739929,0.003966795232738006,6.027433911196568e-07,2.6330542099486164e-06,9.464630735176352e-09,0.15
56.38059014108333,0.9282520434334317,0.003966795232739825,6.027433911159599e-07,2.633054209949823e-06,9.4646307351183e-09,0.15
56.38059014108333,0.9394358029928708,0.003966795232741643,6.02743391112263e-07,2.6330542099510296e-06,9.464630735060248e-09,0.15
56.38059014108333,0.9506195625523097,0.003966795232743462,6.027433911085661e-07,2.6330542099522366e-06,9.464630735002196e-09,0.15
56.38059014108333,0.9618033221117486,0.00396679523274528,6.027433911048694e-07,2.633054209953443e-06,9.464630734944145e-09,0.15
56.38059014108333,0.9729870816711875,0.0039667952327471,6.027433911011725e-07,2.63305420995465e-06,9.464630734886091e-09,0.15
56.38059014108333,0.9841708412306265,0.003966795232748918,6.027433910974756e-07,2.6330542099558564e-06,9.46463073482804e-09,0.15
56.38059014108333,0.9953546007900654,0.003966795232750737,6.027433910937788e-07,2.6330542099570634e-06,9.46463073476999e-09,0.15
56.38059014108333,1.0065383603495044,0.0039667952327525555,6.027433910900819e-07,2.63305420995827e-06,9.464630734711937e-09,0.15
56.38059014108333,1.0177221199089435,0.0039667952327543735,6.02743391086385e-07,2.6330542099594766e-06,9.464630734653885e-09,0.15
56.38059014108333,1.0289058794683823,0.003966795232756192,6.027433910826881e-07,2.6330542099606832e-06,9.464630734595832e-09,0.15
56.38059014108333,1.0400896390278211,0.00396679523275801,6.027433910789913e-07,2.63305420996189e-06,9.464630734537779e-09,0.15
56.38059014108333,1.05127339858726,0.00396679523275983,6.027433910752944e-07,2.633054209963097e-06,9.464630734479729e-09,0.15
56.38059014108333,1.062457158146699,0.003966795232761647,6.027433910715976e-07,2.6330542099643026e-06,9.464630734421676e-09,0.15
56.38059014108333,1.073640917706138,0.003966795232763466,6.027433910679007e-07,2.633054209965509e-06,9.464630734363623e-09,0.15
56.38059014108333,1.084824677265577,0.003966795232765282,6.027433910642039e-07,2.633054209966715e-06,9.464630734305573e-09,0.15
56.38059014108333,1.096008436825016,0.003966795232767099,6.02743391060507e-07,2.6330542099679207e-06,9.46463073424752e-09,0.15
56.38059014108333,1.1071921963844549,0.003966795232768917,6.027433910568101e-07,2.633054209969126e-06,9.46463073418947e-09,0.15
56.38059014108333,1.1183759559438937,0.0039667952327707345,6.027433910531132e-07,2.633054209970332e-06,9.464630734131416e-09,0.15
